0 [1.0457598, 1.863379, 0.69994974, -0.18459773, -1.6903108, 1.6167608, 1.0122873, 1.0284047]
100 [-1.8466071, -1.4542592, -2.0720005, 0.15865836, -1.7549397, 0.60835695, 3.6974187, -0.52512306]
101 [-1.7732102, -1.433934, -2.0228908, 0.17868061, -1.7690132, 0.72605526, 3.577397, -0.521247]
102 [-1.6730113, -1.3330466, -2.0080192, 0.12497481, -1.6835126, 0.63362104, 3.5027118, -0.5272136]
103 [-1.7788447, -1.4014535, -1.9754086, 0.1465422, -1.688186, 0.5674388, 3.4551396, -0.50612104]
104 [-1.8374989, -1.185499, -1.98078, 0.11682019, -1.6978704, 0.55992764, 3.1226175, -0.4993246]
105 [-1.7697425, -1.3866668, -2.0768363, 0.14930102, -1.6866251, 0.6760336, 3.4156604, -0.43712762]
106 [-1.8664052, -1.4755446, -2.0655255, 0.18965116, -1.7149854, 0.58148307, 3.5057092, -0.4519866]
107 [-1.6916173, -1.4074941, -1.9889165, 0.20579314, -1.6725209, 0.5767081, 3.466711, -0.50945055]
108 [-1.7476753, -1.4784038, -2.035523, 0.21185556, -1.7396165, 0.6021981, 3.552764, -0.5059616]
109 [-1.5995535, -0.9749511, -1.8189373, 0.13088451, -1.507388, 0.6073127, 2.8134234, -0.5334582]
111 [-1.4408889, -0.63868594, -1.6432426, 0.1387566, -1.3370925, 0.56253445, 2.4163575, -0.51046383]
112 [-1.7408049, -1.2453352, -2.0116477, 0.1629131, -1.6980528, 0.57585156, 3.2670913, -0.5140058]
113 [-1.5201094, -0.5126931, -1.6808017, 0.14255752, -1.4597169, 0.5680349, 2.3629467, -0.5982674]
114 [-1.5394907, -0.6929189, -1.7684509, 0.12855332, -1.4830974, 0.47017118, 2.5321333, -0.52575463]
115 [-1.5938419, -0.90962046, -1.8049225, 0.12547886, -1.5247985, 0.5475149, 2.717309, -0.52832884]
116 [-1.6136614, -0.97612774, -1.8292753, 0.15291882, -1.501354, 0.5481658, 2.775796, -0.52274466]
117 [-1.4855301, -0.6886701, -1.7599285, 0.16287991, -1.4840761, 0.51164705, 2.5266342, -0.5553413]
119 [-1.3892792, -0.9193482, -1.6583884, 0.10068116, -1.398259, 0.5638797, 2.620365, -0.483278]
120 [-1.7174271, -1.3099465, -1.9542309, 0.11796264, -1.6267937, 0.5562768, 3.2981954, -0.4973361]
121 [-1.6438267, -1.0413618, -1.9200652, 0.12397538, -1.5688193, 0.49528334, 2.9678717, -0.5190434]
124 [-1.5687376, -0.62331986, -1.7433662, 0.16473112, -1.4742897, 0.5103408, 2.469401, -0.5328808]
126 [-1.6854862, -0.97057134, -1.8747387, 0.17066413, -1.6475132, 0.51535976, 2.8435602, -0.5155085]
128 [-2.1158905, 1.0446795, -2.0233195, 0.8460817, -1.4584476, 1.0227075, 1.6706185, -0.2788721]
129 [-1.8196756, 0.64531976, -1.9009696, 0.6944218, -1.4079859, 0.8345896, 1.7133089, -0.4279475]
130 [-1.7255012, 0.64225465, -1.9373453, 0.58740044, -1.4692724, 0.8414478, 1.784087, -0.41674894]
132 [-1.5975873, -0.16804202, -1.6440042, 0.19311668, -1.4696339, 0.6542534, 2.1522853, -0.601347]
133 [-1.6511137, 0.4959747, -1.826785, 0.48443657, -1.4225707, 0.7636091, 1.808523, -0.51084024]
134 [-1.3272913, -0.33337852, -1.5016459, 0.09293668, -1.2181913, 0.5467012, 2.0569925, -0.5328864]
135 [-1.664393, -0.19329497, -1.6859877, 0.25019738, -1.4888394, 0.5988361, 2.2601469, -0.6353344]
136 [-1.7964699, 0.68164986, -1.9188476, 0.6461286, -1.383455, 0.86201715, 1.7595571, -0.45223886]
139 [-2.1971018, 1.1855477, -2.1497397, 0.9965964, -1.4269749, 1.1256456, 1.652128, -0.238803]
143 [-2.173723, 1.1151537, -2.107522, 1.0095125, -1.3258903, 1.0597179, 1.5560522, -0.16494662]
144 [-2.076949, 1.0539768, -2.101585, 0.8875746, -1.4710891, 1.0168319, 1.6544927, -0.24995571]
148 [-2.259691, 1.111707, -2.2303922, 1.2175896, -1.1788344, 1.1012101, 1.6151048, -0.14197369]
152 [-2.227072, 1.1448405, -2.1597774, 1.0898405, -1.3198794, 1.0909044, 1.5932924, -0.17487928]
153 [-1.9636331, 0.7905572, -1.553114, 1.7170317, 0.30403343, 1.4560702, 1.3959285, 0.26201928]
155 [-2.0826724, 0.9019371, -2.016206, 1.5567088, -0.12513526, 1.0035858, 1.5263814, -0.032700222]
156 [-2.162706, 1.0712366, -2.1726174, 0.9323534, -1.3462157, 1.0982864, 1.5754457, -0.16480352]
159 [-2.1660938, 0.7964184, -1.9366584, 1.7634389, 0.17054775, 1.3935959, 1.6273527, 0.17576298]
168 [-1.9675809, 0.2777992, -0.16274081, 1.1759738, -0.590635, 2.3043013, 0.93741167, 1.1550608]
170 [-2.5333393, 0.9282966, -2.5056808, 1.9281675, -0.2327962, 1.363051, 1.897245, 0.021113498]
171 [-2.033809, 0.7000304, -1.2907349, 1.7071011, 0.30572355, 1.7346189, 1.4062617, 0.4655564]
174 [-2.0877903, 0.6809367, -1.7131422, 1.7380633, 0.33671284, 1.4961487, 1.5061044, 0.3539406]
177 [-0.89390075, -1.1884804, 1.4290007, -0.29276007, -1.8713548, 0.7933673, 0.611396, 2.371569]
185 [-2.1405225, 0.6230734, -1.2135494, 1.7576829, 0.35445085, 1.8212044, 1.4615027, 0.54499936]
188 [-2.3652136, 0.92193246, -2.0752423, 1.9288555, 0.38107884, 1.5473013, 1.7540064, 0.34830746]
192 [-0.37157956, 0.053915847, 1.188531, -2.174254, -1.8516502, 1.0415813, 1.323705, 1.5225638]
195 [-0.13129826, 0.3933098, 0.8347595, -1.755697, -1.7372509, 1.0898377, 1.220156, 1.0237436]
197 [-1.9121155, 0.035089694, 0.106059045, 1.1889977, -0.88001347, 2.293737, 0.898939, 1.4671859]
198 [0.18030278, 2.0424135, -0.1669668, -0.9056917, -1.8534981, 1.658874, 1.648814, -0.09858466]
200 [-0.90078455, -1.2817259, 1.6583306, 0.07441973, -1.8171879, 1.1786115, 0.77376574, 2.533104]
202 [-0.99369407, -1.4773825, 1.8312719, -0.3393644, -2.073383, 0.82314795, 0.8572439, 2.7264574]
204 [-0.012232174, 1.945143, 0.6049195, 1.5936966, -0.98253673, 0.38407338, 1.0769182, -0.11433235]
206 [-0.26147348, 0.16577962, 1.0077919, -1.5076693, -1.7830855, 0.9528241, 0.87823725, 1.3409363]
212 [-0.030908119, 1.526336, -0.040733155, -1.1447769, -1.7128218, 1.3762255, 1.2640473, 0.14068842]
216 [-0.16098386, 1.9054399, 0.7729781, 1.3354809, -1.0321356, -0.027803272, 1.9778721, -0.89908946]
218 [0.14950444, 1.9230405, -0.14875135, -1.0759528, -1.8086007, 1.4249353, 1.3885387, 0.013827591]
219 [-1.2222154, 0.06851098, 1.6094251, 0.55494744, -2.0466473, -0.8133947, 2.1204398, -0.6512086]
221 [0.16389446, 2.552468, -0.28376344, -0.98574626, -1.7698417, 1.6234677, 1.79149, -0.21266024]
222 [-0.56048673, 1.016394, 1.6608337, 1.1289685, -2.212597, -0.2724365, 2.8626776, -1.2581253]
225 [0.050468322, 2.1151342, 0.6470611, 1.9966596, -1.1273626, 0.32705638, 1.3056436, -0.078115165]
227 [-0.35058185, 1.2479031, 1.4031256, 1.11301, -1.9740831, -0.21758649, 2.651297, -1.1989242]
230 [-0.05346504, 2.0465052, 0.7616936, 1.8350049, -1.0258013, 0.2353026, 1.5517235, -0.41324428]
234 [-1.4777269, -0.026454937, 1.8293382, 0.4685043, -2.4061925, -1.027633, 2.3161755, -0.56360394]
235 [0.32741773, 1.9855912, 0.06787896, -0.8396279, -1.5633596, 1.2619901, 1.3063844, 0.1442667]
236 [-0.07165766, 1.9734598, 0.7446207, 2.010032, -1.1218925, 0.2964749, 1.1808834, -0.018986812]
238 [-1.1429939, 0.9402876, 2.3795085, 1.2530429, -3.3709886, -0.769848, 3.7897704, -1.4510888]
242 [-1.9248223, -0.84327847, -0.26010302, 2.5554528, -0.060659416, -0.26633924, 1.0408274, 1.599117]
247 [-1.4197508, 0.32969, 2.2103763, 0.8220244, -3.0627115, -0.8581775, 3.2319355, -1.1438912]
254 [-1.4200385, 0.1946328, 2.0362988, 0.70582694, -2.7128775, -0.87823606, 2.8042412, -0.92091393]
261 [-0.15335052, 1.8825816, 0.9579415, 1.4152763, -1.3252413, -0.0498232, 2.279169, -1.0961257]
262 [-0.10046469, 0.89126736, -1.5560094, 0.62999034, -0.95149153, 1.0078241, 0.30146405, 1.124862]
265 [-0.25183177, 1.5709462, 1.2443765, 1.5069299, -1.58611, -0.30892608, 2.7398558, -1.2871711]
270 [-1.6825733, -0.39699525, 0.026520967, 2.010082, -0.3961578, -0.28132576, 0.91087735, 0.7886686]
272 [-1.7337159, -0.39879707, -0.07353267, 2.1684356, -0.3861242, -0.15375204, 0.8834195, 0.87281257]
275 [-1.0805304, -0.41231436, -0.451645, 1.8767635, 0.06240609, -0.06438854, 0.4733366, 1.5716795]
277 [-0.23059893, 0.853455, -1.6208619, 0.66081846, -1.1169934, 1.0678223, 0.252124, 1.2119968]
278 [-2.125706, -0.8139813, -0.24073035, 2.778668, -0.40070817, -0.081390195, 1.1095974, 1.5074483]
279 [-1.658541, -0.6456658, -0.28411973, 2.342603, 0.055960637, -0.099716514, 0.8699031, 1.4908909]
290 [-2.102227, -0.82709575, -0.24578212, 2.7480996, -0.39100048, -0.032884255, 1.0847489, 1.5104533]
295 [-2.159778, -0.7312379, -0.3597273, 2.9278576, -0.22047693, -0.047896896, 1.0297346, 1.7910024]
304 [-1.9327228, -0.64410776, -0.3245063, 2.7234662, -0.108665414, -0.036126494, 0.90620035, 1.6889899]
311 [-1.0205464, -0.49672878, -0.4459811, 1.9568882, -0.1251087, 0.014210605, 0.46662584, 1.7192951]
313 [-0.22492313, 0.54872435, -1.9099001, 1.6098304, -0.6730463, 1.2956624, 0.3355433, 2.802173]
322 [-1.346072, -0.49119738, -0.24605954, 2.5624282, -0.06402084, 0.01723384, 0.6900368, 1.7775904]
328 [-0.45507663, 1.0957823, -1.3736386, 0.22531791, -2.3556, 0.6234384, 0.292417, 1.4887469]
332 [-0.87735564, -0.42140076, -0.4123257, 1.7664814, -0.13434637, 0.0956339, 0.3553397, 1.6158568]
337 [-0.785177, 0.8917111, -0.61927176, 0.27745193, -1.8467258, -0.060990732, -0.055828433, 1.6899271]
341 [-0.6234919, 0.93718874, -0.92726576, 0.2553292, -2.198038, 0.22663753, 0.083731174, 1.7579217]
344 [0.016784392, 1.0035679, -2.7510011, 1.5045137, 0.06164426, 0.92612237, 0.8099846, 2.1098132]
347 [-1.0583023, 1.25587, -0.87703556, 0.3900018, -1.0107318, -1.368781, 0.03530726, 2.9730196]
348 [-0.86764205, 0.86832523, -0.3223985, -0.0336477, -0.8439151, -0.70465434, -0.15198098, 2.5795686]
353 [-0.5724654, 1.1424441, -1.4302359, 0.12680905, -2.5730937, 0.7570706, 0.26982528, 1.6510702]
385 [-0.7303093, 0.81102467, 0.008698767, -0.25094602, -0.3518631, -0.8521618, -0.013525521, 3.3818617]
386 [-0.89293444, 1.0799627, -0.8513435, 0.27412328, -2.16577, -0.13546158, -0.051054183, 2.2794585]
387 [-0.39435193, 1.1475359, -1.5002378, 0.13280545, -2.25508, 0.5872771, 0.34061652, 1.4687389]
388 [0.38055962, 2.516356, 0.26309508, 0.26204062, 0.008528059, -2.3247848, 0.9358948, 1.9850165]
391 [-0.5601994, 0.90525424, -1.1551822, 0.2426625, -2.232505, 0.24989112, 0.28847507, 1.3774921]
395 [-0.43594348, 1.4757167, 0.5688175, 0.19076714, 0.06252629, -1.9230001, 0.22078553, 3.558643]
404 [0.32071266, 2.5874062, 0.3474463, 0.14356968, 0.3855222, -2.074653, 1.3904045, 1.3397298]
406 [-0.2926514, 1.6471392, 0.63816047, 0.2784074, 0.004870614, -2.0828228, 0.2429941, 3.411068]
411 [-0.07121225, 2.1164584, 0.8004549, 0.5933999, -0.2978486, -2.2774758, 0.21928649, 4.0267677]
431 [-2.676534, 1.5941782, 0.53277713, 0.24219105, 0.47492337, 0.6309785, 0.610182, 1.3199803]
435 [-0.04435723, 2.891284, 0.3132828, 0.30639964, 0.55729413, -1.5479442, 1.6591815, 0.84240603]
436 [-2.837209, 0.89341116, 0.3528497, 0.72147423, 0.2533168, 0.9932507, 0.2600723, 2.0168884]
438 [-2.8308682, 1.2589182, 0.40616596, 0.37783208, 0.28105956, 0.77760756, 0.4137075, 1.6057556]
441 [-0.93452716, 2.8404965, 0.38997802, 0.04274883, 0.5219673, -0.82298803, 1.28884, 0.64253426]
442 [-0.60495496, 2.4527323, 0.4074938, 0.37485665, 0.481256, -1.0139778, 1.3320014, 0.5035033]
443 [0.35862043, 2.5250285, 0.5912803, 0.03830272, 0.34565854, -2.3968334, 1.2485408, 1.9604007]
445 [-2.4088848, 2.6748428, 1.1421173, 0.09361425, 0.67453206, 0.15923522, 1.2157545, 0.8179598]
447 [-2.913685, 1.0117759, 0.90774745, 0.807925, -0.111473665, 0.9699381, 0.18716714, 1.8924437]
450 [-2.8506808, 3.0520065, 1.3050007, 0.25204256, 0.7939293, 0.21518432, 1.4527099, 0.94154644]
451 [0.20099269, 2.7640102, 1.0889748, 0.62806785, -0.2525623, -2.7616966, 0.6582372, 3.1735725]
458 [-0.24033561, 1.2563132, 0.92655534, 0.29113117, -0.07962293, -1.859666, 0.24381107, 2.736434]
459 [-0.8851223, 0.76423323, -0.43243647, 0.06959727, -0.42148697, -0.92674184, -0.004437426, 2.8409662]
462 [0.29519853, 2.8488846, 1.0738401, 0.705373, -0.27470326, -2.749416, 0.7067275, 3.201817]
470 [0.15804556, 2.9498968, 1.1304915, 0.75205743, -0.34734398, -2.866865, 0.65721893, 3.3882394]
485 [-2.7412424, 3.5170255, 1.440247, 0.039193437, 1.0532063, -0.21964148, 1.6638453, 1.2063798]
498 [-3.31563, 0.41884375, 2.1510007, -0.98395854, 0.7348117, 1.5014768, 2.5579998, 0.30794224]
502 [-2.424267, 1.4375995, 0.47095227, 0.6530812, 0.4953528, 0.7222022, 0.33367008, 1.5101538]
503 [-2.971661, 0.16364679, 0.5528354, -1.2921505, 1.2280289, 2.3106508, 3.317142, -0.21281955]
504 [-3.7956948, 1.8584827, 1.0267347, 1.2375543, 0.4088189, 1.2738193, 0.42031652, 2.5193968]
507 [-1.3777076, 2.7742796, 0.64410466, -0.056120344, 0.81750995, -0.5409854, 1.2326761, 0.8155481]
508 [-3.0633876, 1.4972999, 1.6500003, 1.0046822, 0.12686887, 1.1248806, 0.30096918, 2.2728572]
529 [-0.27748004, 1.3371345, -0.887593, -1.8632649, -0.19198339, 1.817434, 1.190247, 1.3236849]
536 [-2.7296546, 1.1207304, 2.2847843, 0.6799613, 0.036870398, 1.1955328, 0.5100647, 2.0085392]
538 [-1.3018165, 2.227236, -1.032536, -2.7095587, 0.41694805, 2.6544852, 2.0209959, 1.4631078]
545 [-2.6642985, 1.7937642, 0.4056069, 0.58946705, 0.6342752, 0.7308067, 0.5440363, 1.4524809]
560 [-3.3875773, 1.3322682, 3.2106094, 0.417379, -0.085828096, 1.9174545, 1.119427, 2.1501737]
568 [0.321872, 0.1679333, -1.4515367, -0.7877635, 0.58137494, -0.25498688, 2.3564742, 0.8625145]
570 [-3.2282543, 0.30824044, 1.9199646, -1.8373289, 1.8863103, 1.8439764, 4.1228437, 0.0039781765]
572 [-0.5625628, 1.7130873, -0.97597677, -2.2414389, 0.109238625, 2.2005916, 1.5760775, 1.3701571]
600 [0.2889927, 0.750915, -0.60664123, -1.7541741, -0.3787205, 1.4953533, 1.260944, 1.6364447]
601 [-0.8559388, 1.8006475, -1.0892228, -2.4607794, -0.27498138, 2.2336628, 1.4636055, 1.5344326]
605 [0.3451953, 0.31602263, -0.5430562, -1.5080992, -0.30531862, 1.5005441, 1.5998702, 1.406447]
606 [0.339998, 0.3283945, -0.6123012, -1.3690734, -0.109736584, 1.3007861, 1.6053693, 1.2198005]
608 [-1.4136769, 1.7002555, -1.1340393, -2.5344307, 0.10826151, 2.5191083, 1.7646918, 1.2661725]
611 [-2.5988684, 0.2760044, 1.6304117, -1.3856448, 1.79975, 1.5444852, 3.3495991, 0.13632974]
613 [0.14450207, 0.39002478, -0.6736715, -1.6996163, -0.26369792, 1.6321185, 1.7915893, 1.4399555]
617 [1.4788264, 0.300084, -1.2647698, -1.3793476, -0.3086338, 0.32278478, 3.0157926, 1.2060031]
635 [1.6980659, 0.49972552, -1.8349683, -1.3129328, -0.00735855, -0.08007846, 3.9976606, 1.333197]
640 [-1.2056022, 0.81072545, -0.8047632, 0.24731709, 0.13589036, -2.5947862, 1.6152307, 0.8358393]
648 [0.3940747, -1.4199431, -1.0139284, 1.9642951, 0.74640185, 0.70781565, 2.608735, 1.3925904]
650 [-0.19105981, 0.7833538, -2.1529756, -1.0232333, 0.8123654, -0.7511178, 2.5203023, 1.4837276]
653 [-1.2860912, 0.8797032, -1.056803, 0.05264095, 0.3794191, -2.8436413, 2.1843953, 1.0613309]
656 [-0.4616693, 1.0361946, -1.9245074, -0.8381196, 0.62460715, -0.9571907, 1.9692888, 1.2363143]
660 [0.1618178, 0.71562827, -2.0537713, -0.9574874, 0.75703275, -0.51586646, 2.6231194, 1.3633385]
664 [-1.0895503, 0.8911137, -0.9661571, 0.029645912, 0.32569268, -2.4942503, 1.8893088, 0.80470884]
666 [0.74370635, 0.5877475, -0.5034678, -2.5468507, -0.41896883, 1.9244919, 2.6534727, 2.1245522]
670 [0.26451796, 0.7304057, -2.0064976, -0.6823851, 1.108309, -0.862787, 2.5823267, 1.7103571]
684 [-1.5135702, 0.63522196, -0.773533, 0.43707833, 0.14436881, -3.5652006, 2.4587739, 1.1631517]
686 [1.2336006, -0.24726813, -0.31567445, 2.9047794, 0.711512, 0.8381631, 2.6154227, 1.1220665]
692 [0.8743183, 0.39578673, -1.2387538, -0.95746815, 0.017806806, 0.052404374, 2.408263, 0.71666986]
693 [1.3026997, 0.64829934, -1.6548296, -1.0317764, 0.19895421, -0.035442952, 3.3504753, 1.012182]
714 [0.55122983, -1.2493203, -1.2711492, 0.7760115, 0.12816416, -0.17123538, 2.1126406, 1.5811368]
721 [0.6671552, -1.469763, -1.6237897, 0.7530575, 0.035294667, -0.27279863, 2.535128, 2.0509403]
726 [-1.5086159, 0.29506826, -0.6731463, 0.901933, 0.152662, -3.2224083, 2.4601047, 0.95615375]
736 [-0.46864474, -0.8468181, -0.62718445, 1.1651675, 0.07617439, -1.6896958, 2.085988, 1.0150412]
745 [0.032005586, -1.7471771, -1.3582864, 1.0091318, 0.2834684, -0.23201695, 2.333146, 2.0266154]
747 [0.92533916, -0.5797046, -0.4164669, 2.2604399, 1.046853, 0.98457783, 2.571851, 1.0513934]
751 [1.2411345, 0.48337084, 0.024756487, 1.6713746, -0.28359446, 0.26851782, 1.5473351, 0.42502236]
770 [1.1568658, 0.3592024, 1.7169883, 0.5189068, -2.1679637, -0.32667434, 2.0920115, 0.70551044]
776 [1.2845035, -0.052116826, -0.29950652, 2.4713304, 0.86398125, 0.8164626, 2.7572258, 0.7806771]
777 [0.5344981, 0.540955, 0.9149269, 0.3273585, -1.2973878, -1.1319782, 1.4392017, 0.31872654]
795 [1.1737373, 0.45002526, 0.23476414, 1.8568692, 0.28807747, 0.845105, 1.7187487, 0.66219705]
823 [0.48135695, -0.019663341, 1.5039488, 1.4411398, -1.7056038, 0.14031467, 1.0813704, 0.79296803]
834 [0.5337501, -0.22726825, 1.5876414, 2.2951136, -1.8244716, 0.54789335, 1.2525601, 1.1815403]
839 [0.4623531, -0.07718768, 1.5471964, 1.3231319, -1.4466264, 0.47478265, 1.1490334, 0.73530245]
842 [0.67057383, -0.32402176, -0.3858296, 1.6178644, 0.9402181, 0.89462674, 2.036183, 0.7408598]
857 [0.43796468, -0.047845967, 1.4739248, 1.1983309, -2.0918608, -0.027811406, 1.0535258, 0.9993434]
859 [0.3279136, 0.9617861, 1.2443737, -0.124081805, -1.0397443, -0.57491463, 1.4277886, 0.16453704]
868 [0.5169809, -1.0310581, 1.8526529, -1.3276753, 1.1928432, -0.5878164, 3.7837224, 1.2508569]
872 [0.32317737, 0.8673416, 1.1399922, -0.113508746, -1.0597496, -0.78011084, 1.5686529, 0.121368684]
878 [0.30920225, 0.43389195, 1.3024008, 0.5057835, -1.3378539, -0.24131879, 1.00753, 0.353793]
897 [0.46480414, -0.5461321, 1.9277188, -1.3392161, 0.5316042, -0.7684089, 3.9480429, 0.67188215]
900 [0.41755366, -0.36449653, 1.9266214, -1.266375, 0.52624446, -0.5984122, 3.5020776, 0.62937313]
903 [0.45307943, -0.6274142, 2.0894854, -1.4237236, 0.5333151, -0.6156422, 3.8106668, 0.79135644]
910 [-0.37939775, -1.2345101, 1.483097, -1.64451, 1.3948658, -0.7426916, 2.9145238, 2.5336516]
914 [0.48429072, -0.5536254, 1.6748828, -0.6368647, 0.4281155, -0.7423149, 3.069678, 0.57912946]
925 [0.105505764, -1.2184203, 1.7148504, -1.2633308, 1.6882138, -0.88573295, 3.528092, 2.0157673]
944 [3.481128, -0.01925587, 1.9035035, 0.5505428, -1.3061312, 3.1958222, 2.338144, 4.8255568]
950 [0.50030124, -0.20380755, 1.6646777, -0.7974351, 0.7222014, -0.88587606, 3.3352132, 0.5833849]
951 [0.19457489, -0.87839466, 1.4180647, -0.91535586, 0.8502258, -0.6098866, 2.7027192, 0.91705525]
954 [1.1496139, 0.47781605, -1.1808481, -1.4739923, -1.7573148, -1.3706129, 1.8707284, 1.694155]
975 [-0.4688274, -0.37962884, -1.854642, -1.5850834, -1.5959243, -1.2307429, 1.6428148, 1.5790191]
979 [0.69155145, 0.5539169, -1.622932, -2.081489, -2.389694, -1.5680667, 2.036277, 1.8679234]
984 [3.3965864, -0.05462928, 1.8981991, 0.588478, -1.2920647, 3.2552514, 2.2880392, 4.8236995]
997 [3.4086235, -0.05145263, 1.9262682, 0.5668102, -1.2862507, 3.1941364, 2.3556006, 4.767336]
1 [-1.3531106, -0.8975317, 1.2898751, 0.18402065, -2.4045868, 0.99652743, 0.254404, 2.6202257]
110 [-1.7409228, -1.3517348, -2.0705307, 0.13588883, -1.6598366, 0.61067784, 3.5039248, -0.50690776]
118 [-1.4045862, -1.1163963, -1.6542889, 0.1010556, -1.4073246, 0.5387655, 2.8510358, -0.4748223]
122 [-1.6069947, -0.8214245, -1.7974782, 0.16385888, -1.5020332, 0.50303984, 2.6322439, -0.5523681]
123 [-1.5110087, -0.64810044, -1.7730131, 0.15047564, -1.4814603, 0.5267369, 2.5152204, -0.5510605]
125 [-1.690635, -0.96973217, -1.8847749, 0.1299528, -1.5758224, 0.5293314, 2.8491204, -0.50604355]
127 [-1.9456809, 0.8788474, -2.0554159, 0.7952259, -1.4884079, 0.97952765, 1.7865247, -0.37788925]
131 [-2.1736815, 1.0960628, -2.1479037, 0.90874755, -1.575893, 1.1285938, 1.7561653, -0.27801958]
137 [-2.204255, 1.1421592, -2.1506603, 1.1199981, -1.380311, 1.0903931, 1.6099806, -0.17359239]
141 [-1.8462704, 0.7356445, -2.0582228, 0.7726198, -1.403692, 0.9164917, 1.7771572, -0.41106057]
146 [-2.4736145, 1.0864953, -2.405931, 1.6268865, -0.99615073, 1.0615342, 1.6877782, -0.08461324]
147 [-2.0004487, 1.0821105, -2.032229, 0.87041473, -1.4356594, 1.0109979, 1.5715384, -0.2498973]
149 [-1.8933622, 0.69956255, -1.7473297, 1.5444542, 0.13974345, 1.1649972, 1.3969082, 0.11657674]
150 [-1.6198058, 0.0097063575, -1.7039483, 0.31572303, -1.461598, 0.6497089, 2.0736766, -0.5580471]
151 [-2.4195487, 1.0477307, -2.4214566, 1.5996495, -0.82513815, 1.0628678, 1.7426689, -0.11788577]
161 [-2.4163885, 0.95153147, -2.5231502, 1.8464872, -0.4996667, 1.0769145, 1.7887486, -0.038567346]
162 [-2.4559608, 1.0163392, -2.3950627, 1.8375784, -0.10033403, 1.3279676, 1.8248378, 0.068296134]
164 [-2.7120535, 1.0830562, -2.6644943, 2.078014, -0.5703657, 1.1653394, 1.9547746, -0.037585013]
165 [-2.35801, 0.9265246, -2.2540836, 1.943595, -0.4593311, 0.9762843, 1.6583583, -0.06199085]
167 [-2.41931, 0.9540598, -2.2421432, 1.8870809, 0.13298309, 1.4112546, 1.8066096, 0.14832461]
172 [-2.128958, 0.7955137, -1.6816063, 1.8043743, 0.3872162, 1.6073636, 1.5318056, 0.39032316]
175 [-1.7444686, 0.48496523, -0.68173116, 1.3603075, -0.050723676, 2.1774445, 1.2693542, 0.7583044]
176 [-1.7712317, 0.07026826, 0.08058877, 1.0640666, -0.7930552, 2.19935, 0.8579655, 1.3428395]
178 [-2.0869553, 0.6417794, -1.234237, 1.7913674, 0.42393032, 1.8803643, 1.4352546, 0.6465506]
181 [-2.0299911, 0.34355602, -0.18183967, 1.2497759, -0.5514194, 2.3757858, 0.9806856, 1.2432033]
183 [-2.0168161, 0.20180745, -0.14400844, 1.2009815, -0.7076031, 2.3192549, 0.9814478, 1.2752391]
186 [-0.27997857, 0.19389066, 1.0797244, -2.0205128, -1.8035427, 1.057412, 1.253707, 1.3921741]
189 [-1.9853116, 0.3629825, -0.14523579, 1.2426115, -0.6043221, 2.3842368, 0.9966309, 1.2340974]
191 [-0.26766783, -0.23621224, 1.252807, -1.7494712, -1.7451789, 1.0222577, 1.0761924, 1.7258924]
193 [-0.48091978, -0.49989793, 1.3448571, -1.8743397, -1.7603369, 1.0051318, 1.1222106, 1.9628453]
199 [-1.3169487, -0.5101812, 0.58483124, 0.5833539, -0.9260747, 1.709148, 0.7037703, 1.4175576]
210 [-1.483957, -0.05686859, 2.033379, 0.48902634, -2.5421991, -0.9670886, 2.467069, -0.56774205]
211 [0.12999648, 2.0298567, -0.20216823, -0.8575292, -1.7836186, 1.5300742, 1.533904, -0.11048316]
213 [-0.79895675, -1.0759095, 1.4110632, -0.6839426, -1.7932168, 0.6602558, 0.6734079, 2.0010774]
220 [-0.062533945, 1.4292477, 0.5147575, 0.66081005, -0.8572338, 0.42046103, 0.7142564, -0.2060708]
226 [-1.0899361, 1.24277, 2.4749837, 1.6523772, -2.7560308, 0.30412385, 3.1935139, -1.2099712]
233 [-0.86566573, -1.4649858, 2.1652493, -0.16658245, -2.1707423, 0.9487182, 0.78461844, 3.1340547]
239 [-1.454105, -0.5636065, -0.3366101, 2.0819893, 0.22264439, -0.21661413, 0.61993223, 1.5214005]
241 [-0.55754626, 1.218266, 1.8003155, 1.4005294, -2.5117059, -0.3709332, 3.1717396, -1.3783702]
243 [-1.7417886, 0.061106715, 2.287275, 0.5868234, -2.9815993, -1.1892586, 3.2108212, -0.9540316]
246 [-1.4316882, 0.124532945, 2.1318681, 0.6603034, -2.8838828, -0.8471701, 2.980851, -0.9463742]
258 [-1.39109, 0.6943935, 2.6445448, 1.2516189, -3.7289515, -0.8595632, 3.8515408, -1.3700603]
260 [-1.0697103, 0.41736358, 1.8305877, 0.9155041, -2.6489227, -0.56147563, 2.7789266, -1.08281]
264 [-1.7946255, 0.14668296, 2.481019, 0.73161614, -3.1705, -1.1987007, 3.4618554, -1.0517203]
267 [-1.959792, -0.584213, -0.13189228, 2.4682512, -0.44145554, -0.17671251, 1.059537, 1.1607445]
280 [-1.9673481, -0.68697923, -0.30581668, 2.7056463, -0.022048919, -0.17462717, 0.9639701, 1.6910819]
283 [-1.2550013, -0.15578209, 0.203322, 1.412326, -0.35850468, -0.2919873, 0.75176, 0.37832898]
286 [-1.3477286, -0.48484883, -0.38095707, 2.0715897, 0.114750035, -0.064559564, 0.58272135, 1.5766912]
288 [-0.20018576, 0.53568137, -1.7996467, 1.4883883, -0.45407078, 1.0785737, 0.29738438, 2.5516005]
292 [0.5241904, 1.4128261, -2.6875012, 0.96249664, -0.13055535, 1.4050838, 0.9186535, 2.0286245]
293 [-0.4416906, -0.18000026, -0.70355636, 1.5097605, -0.19274513, 0.19917147, 0.25312307, 1.9081272]
296 [-0.2455405, 0.2216616, -1.3050369, 1.5277731, -0.28547555, 0.7470204, 0.23590876, 2.223388]
299 [-1.660599, -0.5545766, -0.33291888, 2.2888775, 0.024957476, -0.084602766, 0.80361235, 1.4023943]
303 [-0.1355683, 0.78420496, -1.8456932, 1.007045, -0.6925837, 1.0497357, 0.27567983, 1.8500524]
317 [-0.29040855, 0.094620876, -0.98869914, 1.641953, -0.15947616, 0.32397655, 0.24073997, 2.302066]
321 [-0.01418972, 0.77045447, -2.4734287, 1.5454208, 0.10011788, 0.8900801, 0.6446608, 2.2534423]
334 [-1.3987483, -0.61198384, -0.34326062, 2.2346075, 0.030094532, -0.017654665, 0.774458, 1.4122857]
345 [-0.72679794, 1.180137, -0.7994538, 0.3669498, -2.1558354, 0.1196593, -0.03783196, 1.9246507]
357 [-0.23707266, 1.5028367, -2.003513, 0.54387164, -2.2272055, 1.1549722, 0.56008786, 1.4350877]
358 [-0.17656426, 1.3187276, -1.854624, 0.59602904, -1.7920282, 1.3015808, 0.521544, 1.2481067]
361 [-1.2370483, 1.2509339, -1.0129936, 0.2759797, -0.7093445, -1.4248971, 0.10712822, 3.4453418]
363 [-0.101087, 1.1264968, -2.8606102, 1.5587207, 0.054128624, 0.9023385, 0.7670475, 2.1432657]
367 [-0.5104965, 1.0249423, -1.0307451, 0.19525059, -2.264898, 0.2726644, 0.16390854, 1.6100264]
368 [-0.3935921, 1.3374457, 0.15778697, 0.16619897, -0.09978823, -1.296992, 0.0062622377, 3.141921]
378 [0.29784188, 2.4547536, 0.52000463, 0.42277086, 0.017035274, -2.295074, 0.75281316, 2.2522871]
381 [-1.0001487, 0.75440234, -0.074184045, -0.19932488, -0.53773874, -0.9224928, -0.033950154, 3.6264107]
389 [-1.4663923, 0.9208371, -0.16817136, -0.0048762993, -0.72256625, -1.1429551, -0.09645243, 4.0753837]
392 [0.3288698, 2.647712, 0.3152746, 0.25696492, -0.0966533, -2.0720925, 0.9926575, 1.5705694]
400 [0.044097073, 2.0828369, 0.822059, 0.3214443, 0.11916364, -2.2489004, 0.4984564, 2.8289816]
402 [-0.03074098, 2.0224595, 1.0555488, 0.69284236, -0.30191967, -2.4320576, 0.33362073, 3.8969665]
403 [-0.41301674, 1.8774135, 0.44678214, 0.1547966, 0.25900632, -1.6756644, 0.26879057, 3.0984004]
408 [-1.3795059, 2.569661, 0.9090473, 0.3551567, 0.42530802, -0.63424355, 1.2308062, 0.5103405]
414 [-1.2905767, 1.068446, -0.4683962, 0.18817809, -1.485899, -0.73554087, -0.16283724, 2.7977936]
416 [-0.5085078, 1.1764495, 0.5056107, 0.021595448, 0.10796878, -1.6016287, 0.18299283, 3.3035045]
421 [-0.41026095, 0.72975624, 0.7150016, 0.14401397, -0.24182813, -1.5765392, 0.116379336, 2.8605368]
428 [-0.20771588, 1.6833621, 0.6867492, 0.2879336, 0.11360177, -1.9734471, 0.31401324, 3.1981719]
454 [-2.944374, 1.6069828, 0.49932823, 0.5335481, 0.62242144, 0.87011373, 0.57872313, 1.631631]
455 [-2.7125196, 1.2548985, 1.0277948, 0.82056487, 0.07393074, 0.89742327, 0.14089766, 1.9920248]
456 [0.5955789, 3.3177834, 0.58352023, 0.33355933, 0.15497757, -2.5367303, 1.3875866, 2.181637]
476 [-2.8172133, 1.4158478, 1.2580103, 0.98815, 0.16206339, 0.92327404, 0.1851587, 2.139936]
477 [-2.4049444, 0.034206446, 1.7558086, -0.6130074, 0.44141716, 0.8381742, 1.7232984, 0.3820591]
483 [-2.642247, 3.0466495, 1.4306233, 0.1412312, 0.4514358, 0.32056767, 1.4091796, 0.7595469]
484 [0.16144548, 4.6553497, -0.22316724, 0.31638348, 0.797279, -2.2096758, 2.3042164, 1.7643481]
487 [0.32746008, 4.9957824, 0.22103164, 0.48072246, 0.64265233, -2.2267764, 2.4389582, 1.7726058]
491 [-0.26689234, 3.7203443, 0.07956167, 0.3561958, 0.6728347, -1.487326, 1.8638778, 0.97033244]
495 [-0.33209455, 0.9076422, 0.5636901, -0.06474665, -0.18718123, -1.1035346, 0.0064327805, 3.1552398]
496 [-3.610334, 0.8979086, 0.20343545, 0.70759857, -0.15118095, 1.151199, 0.2637562, 2.7543712]
501 [-3.666096, 2.7062144, 0.9786283, 0.15849024, 0.7746427, 0.89426327, 1.1584065, 1.6388149]
510 [-2.887055, 2.5797668, 0.917885, 0.08081497, 0.901378, 0.6299856, 1.099036, 1.245318]
513 [-0.037155446, 4.974137, -0.31383723, 0.15845172, 0.9356107, -2.1305537, 2.3874948, 1.8662453]
517 [-2.6191907, 0.16923955, 1.933402, -0.65834546, 0.5018247, 0.949447, 1.9416676, 0.35258326]
523 [-2.9492438, -0.015055755, 1.9154639, -1.5310749, 1.6864393, 1.8701956, 3.8630445, 0.019671122]
530 [-2.0428746, 0.48520643, 1.5066389, 0.14585763, 0.12359764, 0.68017215, 0.4766744, 1.2288351]
532 [-2.8756933, 2.536203, 0.641054, 0.1797157, 0.91333276, 0.8085389, 1.047213, 1.270466]
535 [-1.7567229, 2.3968747, -0.568519, -2.9641476, 0.61058193, 2.6821876, 2.349812, 1.2675062]
553 [-0.1812369, 1.0256356, -0.69393533, -1.8248888, -0.20334119, 1.5944988, 1.190142, 1.2407908]
559 [-2.890396, 1.5041754, 2.028034, 1.0158216, 0.21006787, 1.0827553, 0.33254027, 2.350109]
562 [-1.879059, 0.78404915, 0.710821, -1.5313008, 1.0593966, 1.3947202, 2.439086, -0.07078069]
579 [-3.5669572, 0.7598397, 0.8010425, -1.080912, 1.4139024, 2.5651262, 3.2195206, -0.038455136]
580 [-2.564948, 1.1413758, 2.1007562, 0.67141175, 0.0022058773, 1.0649625, 0.40308252, 1.9135224]
583 [-1.3859707, 2.3067667, -1.0455272, -2.75506, 0.4264999, 2.7100434, 2.0352204, 1.4350183]
585 [0.5423463, 0.45484856, -0.706221, -1.3331158, -0.16560803, 1.118023, 1.6276133, 1.1413403]
587 [-1.3172313, 1.9722736, -1.0037217, -2.5711348, 0.22184548, 2.345564, 1.6948417, 1.2918338]
589 [0.88533247, 0.40304568, -1.3821559, -1.1200955, -0.08813105, 0.35624683, 2.7475832, 0.7742321]
591 [0.56064135, 0.24468562, -0.9705141, -1.1994133, 0.14797892, 0.7327584, 2.199704, 0.80931944]
604 [0.30342168, 0.6792618, -0.5728587, -1.8135464, -0.44977713, 1.5560308, 1.2737869, 1.8282707]
616 [-2.59067, -0.041182537, 1.4206191, -1.5471221, 1.6517, 1.4259986, 3.396628, 0.049614776]
636 [-0.8522716, -0.244936, -0.39215755, 0.68561953, -0.1855451, -2.0376523, 1.544561, 0.6937215]
645 [1.5160862, 0.7016953, -1.9454136, -1.1643004, 0.32660314, -0.08580548, 4.051521, 1.2406106]
652 [0.51955587, -1.4460647, -1.1468449, 2.0480266, 0.7038202, 0.55117357, 2.846491, 1.4916251]
655 [-0.06665089, 0.7829801, -1.8864027, -0.62543046, 1.1083901, -1.1785613, 2.3478208, 1.594428]
675 [0.2813294, -1.5147582, -0.976678, 2.0330536, 0.8940552, 0.7771397, 2.779803, 1.4529731]
680 [-1.423454, -0.19431624, -1.0335429, 1.3212205, 0.19847868, -3.2638242, 2.9615836, 1.1851428]
699 [-1.0676305, -0.43762633, -0.32063156, 0.96634036, -0.13921311, -1.896903, 1.4616369, 0.8704228]
704 [1.3411262, 0.2904336, -0.16889994, 2.3787746, 0.055289388, 0.4250134, 1.98861, 0.8810321]
712 [0.059755236, -1.1401052, -1.0048476, 0.9206879, 0.27507675, -0.5225483, 1.8548505, 1.2808046]
717 [-0.85238385, -0.44683075, -0.5771584, 1.4096695, 0.0002359039, -2.5521557, 2.404487, 1.0366948]
732 [-0.78822327, -0.39777508, -0.69861156, 1.2557192, 0.018572835, -2.5263548, 2.4876802, 0.9061888]
734 [0.28494605, -1.8613977, -1.4904605, 0.85869217, 0.14762294, -0.06722916, 2.2167127, 2.5533814]
738 [0.5166649, -0.9421185, -0.6662007, 1.834441, 1.0361683, 0.87350225, 2.372771, 1.0836531]
740 [-1.4518203, 0.51355255, -0.3494512, 0.8352597, -0.04079269, -2.7111304, 1.4810486, 0.8909787]
753 [0.2327451, -1.628246, -1.4238919, 1.5900834, 0.94044286, 0.4540716, 2.8187501, 1.7574595]
757 [0.8103467, 0.46404222, 1.2758716, 0.2632066, -1.7322946, -0.37016797, 1.5300742, 0.53455395]
762 [1.1195706, -0.023354813, -0.044638406, 2.5372496, 0.8006519, 0.90121096, 2.4200492, 0.9992033]
768 [1.1348085, 0.059555728, -0.016519938, 2.1552885, 0.70319057, 1.0281348, 2.2701015, 0.77994084]
798 [0.84650445, 0.07580059, 1.3040353, 2.11454, -1.482477, 0.5397622, 1.3372636, 0.8449374]
809 [1.9271228, 1.3936543, 0.47843677, 2.230075, -0.29701605, 0.6476046, 2.4455886, 0.4365135]
811 [0.9157257, 0.23761874, 0.9013518, 1.6288749, -0.97686553, 0.3329612, 1.2771276, 0.38182035]
833 [0.5816633, -0.21919142, 1.6408309, 1.6752176, -1.6278778, 0.45190385, 1.3317913, 0.88303494]
848 [0.5670916, -0.44478816, 1.597712, 1.8486513, -1.6764847, 0.47177008, 1.3028352, 1.086375]
855 [0.48303795, -0.2692299, 1.6466994, 2.0061133, -1.7967247, 0.50560576, 1.2623264, 1.0698283]
866 [0.7634077, -0.58256114, 0.98525906, -0.33377647, 0.6794745, -1.0488689, 3.7376466, 0.37421778]
880 [0.29201108, -0.8584139, 1.6863482, -1.2448792, 1.4462916, -0.50223786, 3.0274565, 1.6362301]
904 [-0.5917461, -0.98703283, 0.77069014, -1.1494365, 0.69972086, -0.52285683, 1.4993329, 1.9871297]
939 [-2.2090862, -0.68286, -2.34632, -1.8929292, -2.3547733, -1.5864056, 2.2663743, 1.6393431]
942 [-2.2391925, -1.2858676, -2.156632, -1.2740198, -2.4961383, -1.5028511, 2.1015131, 1.5260211]
953 [1.0049486, 1.0588038, -2.5992765, -2.817077, -3.5368237, -1.9191552, 2.7620325, 2.819498]
956 [3.404391, -0.008918303, 1.8122413, 0.590994, -1.2779309, 3.1390917, 2.3228285, 4.7973766]
958 [0.7672729, 0.7213508, -1.8939731, -2.1872277, -2.3828065, -1.5338702, 2.0794404, 1.992824]
976 [-2.1421247, -0.9008177, -2.4737995, -1.5264851, -1.9231513, -1.517386, 2.1636314, 1.855322]
978 [-3.474083, -1.1294963, -3.018952, -1.4636462, -3.131503, -2.0694335, 2.660933, 1.7753937]
982 [0.9935167, 1.245418, -2.4773016, -2.6961281, -3.140415, -1.7554417, 2.4498394, 2.6691952]
993 [3.3265047, -0.021859638, 1.8422318, 0.5813141, -1.2787966, 3.0628104, 2.2386858, 4.7265363]
2 [-0.04298264, 2.5740135, 1.1972681, 1.7604654, -1.157325, 0.62002486, 1.9175861, -0.39798293]
154 [-2.1604724, 1.098156, -2.1666353, 0.9589547, -1.3943615, 1.1369768, 1.5980883, -0.15834595]
163 [-1.8501551, 0.49967888, -0.970855, 1.50881, 0.31624347, 1.8500649, 1.3086698, 0.58344096]
166 [-2.4492207, 0.9231259, -2.3195255, 1.8411204, 0.0051417323, 1.3631818, 1.7943029, 0.10467319]
169 [-2.313405, 0.8366681, -2.1059644, 1.8242497, 0.112558, 1.3408766, 1.7063106, 0.15872484]
182 [-2.1260798, 0.72163707, -1.5064886, 1.8529286, 0.4504921, 1.7092664, 1.5012788, 0.50367165]
187 [-1.8312051, 0.14206819, 0.03889796, 1.0862533, -0.7079813, 2.2882934, 0.9165082, 1.4112077]
201 [-0.091083445, 2.043387, 0.6882411, 1.9896272, -1.0877073, 0.3596227, 1.304822, -0.16533047]
207 [-0.009707469, 2.278993, 0.7600335, 1.735916, -1.1406415, -0.09811522, 2.100413, -0.8074897]
223 [-0.12844813, 2.3014083, 1.0800613, 1.7637593, -1.493977, -0.21533798, 2.530129, -1.0586106]
229 [-0.14108565, 2.002283, 0.9249479, 1.3928393, -1.3347043, -0.18236439, 2.342651, -1.0519942]
231 [-0.2404598, 1.4480501, 1.0766677, 1.1437553, -1.3159949, -0.16472816, 2.2840862, -1.1030515]
232 [-0.47507775, 1.0207565, 1.5255928, 1.0569113, -2.0660608, -0.24538945, 2.6843534, -1.1577448]
249 [-1.7387785, -0.08081542, 2.0728264, 0.6691429, -2.7006624, -1.0739566, 2.840837, -0.7243927]
250 [-1.5510002, 0.12587367, 2.3478956, 0.6187381, -3.0269694, -1.0582386, 3.1804414, -0.9913866]
253 [-1.740185, 0.061265543, 2.127949, 0.62662566, -2.726818, -1.049054, 2.9077692, -0.8281644]
266 [-2.067607, -0.86783874, -0.29242602, 2.7614536, -0.18987375, -0.13339427, 1.0445552, 1.7208704]
282 [-2.2275488, -0.813507, -0.2694259, 2.9079173, -0.25116646, -0.037754595, 1.2566402, 1.532983]
285 [-2.188987, -0.7047012, -0.15534453, 2.6835704, -0.47946942, -0.04732107, 1.1239952, 1.3288261]
291 [-1.4197553, -0.02092189, 1.2904124, 0.8637718, -1.7074432, -0.83547306, 1.8629435, -0.45506305]
306 [-0.1162904, 1.3280021, -1.6624614, 0.3989735, -1.946727, 1.0968134, 0.49628714, 1.1657887]
309 [-0.14876361, 0.71144813, -1.8645296, 1.3740774, -0.58255917, 1.1960348, 0.2720429, 2.408077]
310 [-0.18475182, 0.77816916, -2.1013565, 1.3376076, -0.6517509, 1.3258886, 0.32488835, 2.6185155]
319 [-0.23067755, 0.42430222, -1.5455406, 1.3858572, -0.3797212, 0.9795851, 0.23670085, 2.199507]
323 [-0.30335712, 0.04669151, -0.9361653, 1.5765567, -0.24472012, 0.43187717, 0.23271936, 2.2006874]
324 [-0.20552708, 1.3900265, -1.6292795, 0.48004898, -2.1215959, 1.0012348, 0.547271, 1.1018343]
329 [-0.3544478, 1.274755, -1.4226221, 0.31405336, -2.328941, 0.92751706, 0.43581006, 1.2161655]
339 [-0.003874935, 0.96123517, -1.3987434, 0.24983291, -1.6334273, 0.7698649, 0.41494092, 0.94174504]
352 [-0.7775579, 0.76058733, -0.11319575, -0.27906135, -0.36195567, -0.80819297, 0.0038797068, 3.208371]
364 [-1.2588291, 0.77089345, 0.020894166, 0.03593204, -0.66435146, -1.1567277, -0.05599008, 4.113292]
366 [-1.1489202, 0.7395462, -0.15364979, -0.33349106, -0.43188775, -0.9995201, 0.05630546, 3.6869738]
380 [-1.253217, 0.8844525, 0.15205029, -0.15675303, -0.3822109, -1.1472481, -0.013160694, 4.247371]
384 [-0.28149495, 1.5799062, 0.66050655, 0.26291332, 0.18897705, -2.008386, 0.3128028, 3.3407638]
401 [-1.2271849, 1.1785991, -0.63560784, 0.3364039, -1.9640044, -0.42548895, -0.1443118, 2.7765234]
407 [-0.44035846, 1.0003917, 0.54061157, 0.11638128, 0.072382756, -1.3411438, 0.06548215, 2.7981248]
417 [-0.6735792, 0.4158643, 0.5442056, 0.085206784, -0.17326987, -1.334705, 0.05722131, 3.0820932]
423 [-3.0205038, 0.98085874, 0.23139349, 0.6486166, 0.23596652, 0.9223082, 0.31494948, 2.011919]
424 [-0.10437685, 1.5210521, 0.7261913, 0.27930427, 0.08612742, -1.935293, 0.30719978, 3.076263]
432 [0.4147326, 2.592806, 0.33945584, 0.16577658, 0.02539479, -1.942457, 1.0849319, 1.4492091]
437 [0.30256087, 3.3559835, 0.24387088, 0.10230929, 0.21949229, -1.8038634, 1.3663863, 1.3636394]
439 [-0.40598562, 1.8217205, 0.78957695, 0.3820253, 0.23396376, -2.0133178, 0.3410932, 3.5267541]
460 [-2.8016593, 2.1464753, 0.7129449, 0.23449188, 0.7266915, 0.53949124, 0.9291163, 1.1476754]
464 [-0.40277502, 2.655866, 0.37361318, 0.4131742, 0.49453935, -1.219863, 1.4745463, 0.5619222]
467 [-2.6207874, 0.030409258, 0.6134465, -1.3764241, 1.2610999, 2.0084243, 3.2129223, -0.16485308]
468 [-3.0318236, 3.442847, 1.6177517, 0.12644085, 0.34200427, 0.57127863, 1.5332388, 0.8777938]
492 [0.43644005, 2.582339, 0.6729066, 0.4383152, -0.052256573, -2.2940588, 0.85268843, 2.2056823]
493 [-2.1785517, 0.8837612, 1.771131, 0.5075311, -0.05599851, 0.77347916, 0.24053924, 1.7095703]
499 [-3.1149073, 2.3138258, 0.6987397, 0.02478324, 0.61502564, 0.85980517, 0.9856102, 1.3298913]
512 [-2.389747, -0.0052633416, 1.4167639, -1.3975314, 1.3571016, 1.3910656, 3.2783372, -0.18915807]
514 [-3.8787234, 4.633477, 1.759295, 0.09049218, 1.5609571, 0.35118443, 2.1963372, 1.8307605]
521 [-0.7445105, 3.925456, 0.10222634, 0.3111453, 0.9684801, -1.6426075, 1.7844459, 1.3875904]
525 [-2.6058247, 0.014625794, 1.8586525, -0.6646926, 0.43727046, 0.9590542, 1.8502376, 0.44181985]
549 [-1.6405947, 2.2973616, -0.62782526, -2.9415195, 0.6379957, 2.7757928, 2.4391594, 1.2660049]
550 [-1.6864946, 0.5462974, 0.7163958, -1.3510225, 0.8884772, 1.2479213, 2.3086953, -0.210087]
565 [-1.396945, 2.436381, -0.9886686, -2.9927967, 0.47984326, 2.8676736, 2.163324, 1.6603413]
577 [-0.34483537, 1.4518882, -0.90425706, -1.9474188, -0.1952176, 1.8776623, 1.2037077, 1.3396232]
584 [-2.6859279, 2.788198, 1.0403072, 0.08075338, 0.9372711, 0.40663886, 1.2207779, 1.059692]
642 [-1.1632009, 0.35996667, -0.6620846, 0.39599112, 0.09466483, -2.7148535, 1.7469844, 0.9516931]
644 [-0.53027385, 1.0015745, -0.69977385, -1.7546709, -0.077008426, 1.6553806, 1.1562148, 1.1037841]
649 [0.35407802, -1.334474, -1.14455, 1.5343121, 0.52033484, 0.29028612, 2.377697, 1.3324761]
654 [0.67489976, 0.5135496, -1.6090063, -0.7823707, 0.8227297, -0.44884685, 2.6909873, 1.2281252]
663 [0.5382834, 0.6218648, -1.6217439, -0.7070436, 0.85446537, -0.5325067, 2.792246, 1.0971869]
667 [-1.1054915, -0.7259378, -0.24020974, 1.3668842, -0.1049886, -1.9236432, 1.8004576, 1.1323541]
677 [-1.6566648, 0.8440635, -0.7817608, 0.53103375, 0.27604726, -3.6997669, 2.564967, 1.2169973]
682 [-0.59447277, -0.64978987, -0.44549155, 0.79217046, -0.17747241, -1.7258371, 1.7468473, 0.7654051]
687 [-0.60193425, -0.70518434, -0.5837545, 0.938895, -0.07820781, -1.794752, 1.8942164, 0.8598787]
696 [0.033020396, -1.6322021, -1.423102, 1.2759565, 0.34462819, -0.58783376, 2.587758, 1.8502681]
708 [0.8790972, -0.79892546, -0.5080562, 2.2712812, 1.1330118, 1.0162133, 2.7440965, 1.1595395]
715 [0.21524563, -1.5265305, -1.4232482, 1.3405808, 0.59406745, -0.038176432, 2.4974825, 1.7181604]
720 [-0.5886209, -0.9108384, -0.6654788, 1.2460035, 0.040081307, -1.7322114, 2.13827, 1.0488921]
722 [1.3625079, 0.16170509, -0.19848011, 2.5997822, 0.24847206, 0.4271898, 2.1967943, 1.072216]
730 [0.29903442, -1.6756657, -1.5839452, 1.4463967, 0.84971386, 0.19024706, 2.8592489, 1.943856]
771 [1.3045241, 0.49331567, 0.39799207, 1.6352948, -0.59586805, 0.25824413, 1.5497532, 0.32010105]
786 [0.59556884, 0.08385295, 1.4447, 1.6003102, -1.8304659, 0.21714143, 1.1146343, 0.89791656]
802 [1.2107016, 0.3032501, 1.6900849, 0.68386793, -2.1723285, -0.18657662, 1.9643915, 0.81499493]
814 [1.4427261, 0.8146289, 0.18922062, 1.850334, 0.05670495, 0.7592282, 1.7952522, 0.61047566]
846 [0.7076671, -0.42052558, 2.0672297, 2.29644, -2.0889792, 0.33506075, 1.7093337, 1.3057766]
852 [0.41240528, -0.8017508, 1.5604725, -1.0188069, 0.9249464, -0.48257193, 3.007582, 0.9276632]
853 [0.5101628, -0.33841223, 1.8753238, 1.9212317, -1.8593384, 0.50281936, 1.4779586, 1.0438603]
860 [-1.9542731, -1.0803752, -2.2035809, -1.1393362, -1.8417896, -1.0976846, 1.8187319, 1.5238029]
885 [0.40922317, -0.8541842, 1.7879447, -1.298067, 1.018064, -0.3830666, 3.548297, 0.89141375]
924 [-0.40975437, -1.0970452, 1.0374659, -0.980256, 1.4527942, -0.68798304, 2.0387, 2.5920973]
929 [0.32757112, -0.66063637, -2.7243006, -2.0504615, -3.6221685, -3.543897, 3.6513023, 2.8716164]
938 [0.7735168, 0.41349676, -2.0299551, -2.6998634, -2.4982796, -1.8001086, 2.906268, 2.0641444]
952 [-3.43059, -0.9029711, -3.596801, -2.2047834, -2.8345926, -2.0194387, 3.1301627, 2.1964457]
3 [0.82977355, 1.51837, 0.53317076, -0.36738712, -1.5195632, 1.5159538, 0.7934579, 1.0320249]
140 [-2.25525, 1.1635816, -2.210182, 1.0799154, -1.3951783, 1.1534404, 1.6213294, -0.13257703]
142 [-2.3947732, 1.1200914, -2.2773046, 1.4720274, -1.1476272, 1.0980629, 1.6051861, -0.12616573]
157 [-2.4020207, 1.0502615, -2.3485215, 1.631681, -0.8777824, 1.0693974, 1.6284374, -0.08264192]
158 [-2.6309574, 1.0185297, -2.5278313, 1.9777634, -0.3537951, 1.2988828, 1.8965734, 0.004365154]
173 [-2.135224, 0.7560538, -1.9056776, 1.7642969, 0.3091792, 1.3505851, 1.549517, 0.25513437]
180 [-0.3303508, -0.08616232, 1.151758, -1.9661148, -1.783194, 1.0436218, 1.2218993, 1.5604681]
184 [-2.1117587, 0.6875849, -1.6199739, 1.8145547, 0.3762032, 1.5713013, 1.4825375, 0.43329066]
190 [-0.83961374, -1.1623833, 1.49467, -0.6055697, -1.9167107, 0.7173405, 0.69828, 2.2302434]
194 [-0.69341725, -0.78157, 1.4117835, -1.3182186, -1.6161915, 0.6929471, 0.8201143, 1.9959489]
205 [-0.5100051, 0.93270165, 1.4769114, 0.9633687, -1.9467319, -0.2371518, 2.6716018, -1.2061197]
209 [-0.8300997, -1.4347731, 1.7925385, -0.1793299, -1.9888984, 0.9528744, 0.78375065, 2.7588704]
217 [-0.2623757, 0.27522424, 0.9757159, -1.9977409, -1.8354962, 1.1032209, 1.2118369, 1.3288962]
224 [-0.29891762, 1.3443762, 1.3388296, 1.2010921, -1.7163055, -0.30928957, 2.6584687, -1.2208166]
268 [-1.7145184, 0.012998576, 2.1392329, 0.6186521, -2.9276986, -1.0722018, 3.0267966, -0.9021901]
271 [-1.707906, -0.065669276, 1.8886464, 0.6571436, -2.6275938, -0.97010994, 2.685701, -0.7365582]
312 [-0.6318449, -0.33389375, -0.5506548, 1.7784868, -0.32607198, 0.0044645052, 0.34309027, 2.039492]
325 [-0.087574266, 0.7384792, -1.6321752, 1.003256, -0.66773784, 0.9204942, 0.29373085, 1.4824021]
338 [-0.22162992, 1.2562054, -1.4728674, 0.14315067, -2.3519208, 0.766886, 0.44979167, 1.3268313]
354 [-0.8679486, 0.7863126, -0.50407004, 0.086012006, -0.41841623, -0.9651922, -0.023500705, 2.7197616]
360 [-1.0479103, 1.142951, -0.7827152, 0.35290492, -2.1635735, -0.08930668, -0.090076014, 2.3158414]
362 [-0.9399725, 0.6921182, -0.28997496, -0.07273872, -0.7106813, -0.79807645, -0.06785019, 3.2612848]
379 [-0.4096845, 1.0491319, 0.30898207, 0.043895714, 0.07910324, -1.1478308, 0.051321875, 2.6613925]
390 [-1.2266611, 1.1023428, -0.5945998, 0.38396513, -2.0172513, -0.49973443, -0.123615384, 2.8405898]
409 [-0.062563024, 2.099256, 0.8664211, 0.3902753, 0.18958879, -2.3849201, 0.48088717, 3.0998275]
412 [-2.7963042, 2.343539, 0.7845891, 0.07982169, 0.61552376, 0.48189005, 1.0608623, 1.012608]
418 [0.37823, 2.7260468, 0.7871944, 0.47800344, -0.009651763, -2.5253022, 0.8184784, 2.5687087]
419 [0.24197008, 2.514153, 0.71040124, 0.19869037, 0.14891163, -2.77595, 0.96359247, 2.6842268]
430 [-0.57867056, 2.84098, 0.25211218, 0.06282788, 0.41578084, -0.91619074, 1.3147222, 0.59342915]
444 [-1.6234396, 2.5585003, 0.8418217, -0.026549807, 0.47842014, -0.20430504, 1.1797738, 0.52878726]
463 [-0.12997349, 3.2502882, -0.037684754, 0.11698618, 0.6128628, -1.223808, 1.5530078, 0.93021244]
479 [-2.668315, 0.029660754, 1.9452903, -0.8336281, 0.57425344, 1.0463575, 2.2048633, 0.21681017]
481 [0.09359371, 2.24209, 0.9393864, 0.58821756, -0.053398035, -2.2886891, 0.4327723, 2.9653249]
494 [-3.2034461, 2.5328324, 0.99127066, 0.06537043, 0.6976317, 0.7013319, 1.0477072, 1.3429071]
497 [-3.3831751, 3.5263586, 1.4202259, 0.02437437, 1.1885079, 0.50729114, 1.6245308, 1.4811318]
500 [-2.7668686, 0.3776619, 1.9740366, -0.6839088, 0.470081, 1.169061, 1.8922478, 0.42380553]
511 [-2.3875031, 0.33026853, 1.5163009, -0.2595055, 0.36986753, 1.3655223, 1.1031218, 0.9203988]
522 [-2.2614965, 0.010546445, 1.305966, -1.3280368, 1.3888502, 1.4018465, 3.0909097, -0.15669326]
526 [-2.9203277, 0.17163698, 1.7768204, -1.5447854, 1.7929853, 1.8203251, 3.925981, -0.06591368]
533 [0.20852332, 2.9950361, 0.07157266, 0.025103856, 0.3820539, -1.5077778, 1.3332932, 1.1137288]
541 [-2.0660844, 0.15264401, 0.8303828, -1.2029796, 1.144041, 1.4948452, 2.703379, -0.24909528]
543 [-2.6059318, 0.5116762, 1.5383384, -1.600079, 1.4652431, 1.552266, 3.3998182, -0.09235281]
548 [-2.3241358, 0.67455566, 1.23106, -1.6697973, 1.3802099, 1.4505188, 3.1313229, -0.075350486]
551 [0.64582616, 0.04509398, -0.5960215, -1.5365313, 0.05462499, 0.95903873, 1.8052598, 1.904267]
552 [-2.9907866, 0.11175159, 1.8983206, -1.2064259, 1.1887782, 1.4434385, 2.7267494, 0.26688343]
554 [-3.2552543, 0.13312328, 2.09291, -1.7334106, 1.5532818, 1.7554232, 3.691155, 0.15848051]
561 [-3.6678455, 0.2923694, 2.5270953, -1.0845096, 1.0149305, 1.815799, 3.097593, 0.37095383]
573 [-3.148812, 0.10823341, 2.0045238, -1.3144809, 1.1666245, 1.6582891, 2.9181235, 0.3023252]
578 [0.7141077, 0.17520604, -0.97604036, -2.0990746, 0.12655884, 1.151027, 2.3795998, 2.7163765]
582 [0.28539303, 0.20733136, -0.5380747, -1.3655285, -0.16727667, 1.273631, 1.6367816, 1.1772804]
592 [0.73985726, 0.19614638, -1.1253674, -1.0745473, -0.11113124, 0.2790413, 2.452373, 0.64982384]
627 [1.1742698, 0.2662558, -1.0255569, -1.2862774, -0.3357096, 0.42002147, 2.4474785, 1.0336463]
632 [0.017309237, 0.737217, -1.7168258, -0.595646, 0.74621654, -0.5631612, 2.0158093, 1.1468366]
634 [-2.6955378, -0.19751325, 1.7025652, -1.2671983, 1.5238279, 1.4471518, 3.1323822, 0.114981994]
638 [-1.094644, 1.7741749, -1.1645511, -2.612694, -0.20981076, 2.309693, 1.5140243, 1.6283815]
698 [-0.5064867, -0.7263818, -0.7034904, 1.1995842, 0.09300846, -1.8626074, 2.1607077, 0.96300364]
703 [1.1769928, 0.4539204, 0.3464961, 1.5982785, -0.6171571, 0.2025787, 1.4203181, 0.35980323]
711 [-1.0858427, 0.23768741, -0.6289007, 0.74191105, 0.121983595, -2.7742991, 1.8662466, 0.972698]
723 [0.7962604, -2.0110056, -1.8030766, 2.8066962, 1.7936909, 1.0888804, 4.556929, 2.430772]
724 [0.26730555, 0.7824361, -2.2243233, -0.83401823, 1.2084991, -1.0085838, 3.0025458, 1.891987]
758 [-0.6361408, -0.33665934, -0.5193798, 1.3555473, 0.0013845861, -2.2953262, 2.0881858, 1.0036888]
759 [1.4491768, 0.30317616, 1.5508088, 1.5737187, -1.886371, 0.26920235, 1.796508, 0.92329]
773 [0.17218298, -2.2734091, -2.0265129, 1.1110959, 0.7761311, -0.080820195, 2.7372382, 3.8541796]
781 [-0.7313238, -0.7104813, -0.54707795, 1.0472192, -0.053520497, -1.8976442, 1.7130107, 1.1992675]
791 [1.4108588, 0.6687521, 0.6960324, 1.845069, -0.64822596, 0.3849312, 1.8508253, 0.2543226]
801 [1.2461205, 0.2308466, 1.6732123, 1.2404835, -2.2704566, 0.06008723, 1.8200867, 0.90822387]
826 [1.3612069, 1.0643268, 0.98631656, 0.9903987, -1.5825033, -1.168201, 2.8119364, -0.10979293]
849 [0.5767717, 0.21912152, 0.7127728, 0.10932672, -0.63373226, -1.2732334, 1.8243436, 0.3456852]
864 [0.35945532, 0.9011429, 1.3521448, 0.02143113, -1.3459139, -0.33202875, 1.3387144, 0.18632823]
867 [0.26474378, 0.5640842, 0.91801864, -0.1959601, -0.7115794, -0.8569849, 1.5119243, 0.09679707]
876 [-2.3324544, -1.0268569, -2.5589592, -1.5376515, -2.178939, -1.2730858, 2.1212523, 1.8435365]
877 [0.3190625, 0.97138083, 1.3021826, -0.050223157, -1.4080253, -0.28651425, 1.2698879, 0.1998219]
879 [0.6120745, -0.81506747, 1.6981697, 1.62236, -1.5815263, 0.5215252, 1.5578052, 1.1993914]
907 [0.2935454, -0.099199325, 1.2323639, -0.7062658, -0.1789116, -0.43890178, 2.1081195, 0.22778136]
912 [-0.639914, -1.1245368, 0.95062995, -1.2240583, 1.3182336, -0.49869192, 1.9226784, 2.8156302]
915 [0.4024819, -0.6029108, -3.1936955, -2.133862, -3.6094508, -4.11215, 4.074052, 3.182156]
926 [-3.0038142, -0.80109257, -2.8743365, -2.11839, -2.678046, -1.7252489, 2.5893323, 1.9819462]
936 [-0.7481142, -1.7000684, 2.1717255, -2.683075, 1.786903, -0.6707874, 4.0927486, 4.121404]
949 [0.57619494, 0.3196012, -2.5333402, -3.249887, -2.936905, -2.1366858, 3.563445, 2.4984674]
959 [0.8249238, 0.39927045, -1.0406352, -1.2006292, -1.6252553, -1.1487756, 1.3511419, 1.3711561]
995 [3.341498, -0.0074032773, 1.8568361, 0.49995014, -1.1976131, 3.0329134, 2.2886906, 4.60954]
996 [3.3824692, -0.023883015, 1.8613857, 0.51430345, -1.313249, 3.063972, 2.2959824, 4.6928144]
4 [-1.2839757, -0.8684656, 1.2131382, -0.029029725, -2.3632653, 0.9630938, 0.2891215, 2.608211]
138 [-1.6702578, -0.0044738343, -1.8161805, 0.17665346, -1.5632137, 0.6466418, 2.2446535, -0.61480725]
196 [0.19629015, 2.0967288, -0.16508304, -0.9397248, -1.954603, 1.7669984, 1.6817055, -0.03901571]
203 [-0.9324344, -1.3576205, 1.8621796, 0.15222172, -1.8240598, 1.226239, 0.83609116, 2.6185715]
214 [-0.18336156, 0.66629976, 0.61102384, -1.5489049, -1.6929877, 1.0230817, 1.1006756, 0.6956175]
256 [-1.0679219, 0.35556906, 1.6983328, 0.70827264, -2.401982, -0.46094033, 2.4877176, -0.946116]
259 [-2.0970194, -0.7358612, -0.2058365, 2.6766474, -0.36594647, -0.1599693, 1.1346327, 1.3559856]
269 [-0.19784401, 0.1513986, -1.0942291, 1.3576272, -0.12802175, 0.56842065, 0.23221618, 2.0878887]
273 [-0.34876606, 0.0048419745, -0.95693105, 1.4867867, -0.074231446, 0.47767383, 0.2453148, 1.9223977]
294 [-1.247384, -0.4907414, -0.37304166, 2.0066867, 0.092341825, -0.08782121, 0.5447847, 1.6030798]
297 [-0.7490334, -0.3215184, -0.61497945, 1.6702518, -0.09819157, 0.1093974, 0.33049628, 1.670738]
301 [-1.4551374, -0.49877062, -0.35863072, 2.1897008, 0.08730519, -0.071573265, 0.630923, 1.6572331]
305 [-0.16441853, 1.5397465, -1.9683257, 0.4506503, -2.4430969, 1.3128893, 0.7654735, 1.2824633]
308 [-1.7333828, -0.5751254, -0.24177636, 2.552779, 0.008770892, -0.011934371, 0.81736624, 1.6349707]
318 [-0.29312205, 1.6173398, -1.7455299, 0.436721, -2.3659701, 1.0067912, 0.55904275, 1.2833525]
326 [-0.1554208, 0.743553, -1.7987036, 1.2027649, -0.6760654, 1.1418374, 0.3173164, 1.8791345]
330 [-0.9456926, 1.065768, -0.5889681, 0.47313738, -1.7036275, -0.2848279, -0.13188708, 1.965017]
335 [-0.60478073, 1.1517389, -0.9723385, 0.058766227, -2.7167068, 0.4070408, 0.11814675, 2.234466]
340 [-0.7083259, 0.9735398, -0.9424941, 0.21887822, -2.8271904, 0.38532895, 0.1526876, 2.1266398]
349 [-1.0792305, 0.81233215, -0.3385239, 0.1437543, -1.1065352, -0.7159988, -0.16096395, 2.5717542]
350 [-0.38694698, 0.02718469, -1.1193365, 1.5949984, -0.34943336, 0.6461529, 0.24173048, 2.0999324]
351 [-0.306862, 1.0363903, -1.7117774, 0.84714985, -1.2419472, 1.2145244, 0.35500696, 1.3958061]
356 [-0.61083096, 0.9277124, -0.9882067, 0.14484367, -2.5469725, 0.4021695, 0.14779513, 1.8748076]
359 [-0.92414147, 1.0010107, -0.307531, 0.0060332655, -1.0253417, -0.680845, -0.1784619, 2.7245128]
397 [0.43215507, 2.3925657, 0.4589524, 0.27982295, -0.05620987, -2.161676, 0.8369502, 2.0017889]
426 [0.53943723, 2.8433, 0.5451142, 0.23046406, 0.04668046, -2.2742336, 1.2003008, 1.9183046]
434 [-3.3388114, 2.6228251, 0.8820545, 0.30868825, 0.9025392, 0.40217704, 1.3800888, 1.0922136]
453 [0.13888477, 3.492469, 0.009247969, 0.110654816, 0.5671787, -1.478152, 1.6577237, 1.1160947]
465 [-3.221534, 1.8820183, 0.576324, 0.3469549, 0.6112486, 0.8148128, 0.8230905, 1.5170262]
466 [-2.8392005, 3.1865158, 1.3962079, 0.23635587, 1.0209281, 0.13986935, 1.5892079, 0.99818265]
473 [0.12442817, 2.8768818, 1.0706557, 0.6843003, -0.1247822, -2.8511488, 0.6544436, 3.5829182]
486 [-3.33978, 1.3085487, 1.0920064, 0.85455924, 0.19056794, 1.0890186, 0.26481128, 2.4460838]
488 [-1.1976713, 1.452671, -0.46861443, -1.968972, 0.4026774, 1.6973603, 1.645752, 0.5839983]
516 [0.95698005, 0.12459012, -0.5897869, -1.9720318, -0.028052537, 1.1223913, 2.179738, 2.7170482]
518 [-2.1843925, -0.06612932, 1.3009409, -1.2426313, 1.3530533, 1.5101691, 3.0678797, -0.1456294]
537 [-0.30208698, 4.2378516, 0.0072431117, 0.3806865, 0.8996305, -1.8808018, 2.1287916, 1.3723142]
540 [0.25537664, 0.34060803, -1.3856782, -0.72749233, 0.6589824, -0.27791792, 2.1762624, 0.865061]
547 [-3.612439, 4.5334315, 1.615451, -0.11077269, 1.6118904, 0.2843817, 2.0771518, 1.9315543]
569 [-2.3804946, 0.58180594, 1.4385209, -1.5692217, 1.5934576, 1.4897832, 3.371081, -0.09334469]
596 [0.21297681, 0.1388747, -1.3392547, -0.57481825, 0.7860709, -0.34278193, 2.1939998, 0.9247478]
614 [-0.83863854, 1.4077146, -0.9294456, -2.1346357, -0.024192937, 1.9180392, 1.3240407, 1.2301958]
623 [-1.8128539, 0.9213972, -1.0732751, 0.39915046, 0.18789522, -3.84746, 2.714958, 1.2672807]
626 [0.9643955, 0.41186392, -1.477882, -1.0337528, 0.09917984, 0.055196278, 2.8801057, 0.7920641]
629 [-1.4693846, 0.9721246, -0.89027447, 0.23609091, 0.2218392, -3.3823495, 2.2803001, 1.1754916]
631 [-1.1105123, 1.3526427, -0.971804, -2.1739032, 0.09771255, 2.151296, 1.4805121, 1.1671238]
671 [1.1782075, 0.016953679, -0.029159836, 2.3658788, 0.3627978, 0.55633813, 2.0209274, 0.8647285]
674 [0.57614255, -1.2332186, -0.8254156, 2.1814404, 0.9186941, 0.9994364, 2.7024217, 1.2801381]
700 [0.8578742, 0.84047747, -0.46767315, -3.0071442, -0.42931062, 2.3627834, 3.2314181, 2.500219]
713 [-1.476125, 0.8823102, -0.5047814, 0.78549707, -0.117192574, -3.0873246, 1.5118515, 1.0263555]
719 [0.4114626, -1.4114199, -1.0624623, 1.9415197, 0.88927704, 0.6968272, 2.6728272, 1.440104]
728 [0.18228012, 0.8473367, -2.3939967, -0.8664465, 1.2836952, -1.1041329, 3.208108, 2.1116521]
737 [0.2697614, -1.6354665, -1.449202, 1.4071437, 0.7639108, 0.012112494, 2.8585873, 1.8261689]
754 [1.1956285, 0.37421462, 0.3436659, 1.6940745, -0.5603641, 0.11507255, 1.4983032, 0.47458085]
760 [1.2373306, 0.3876676, 0.02066342, 1.7430377, -0.4121852, 0.1902313, 1.4906607, 0.6033771]
772 [1.3998126, 0.6117249, 0.068137266, 1.9554356, 0.32358786, 0.5978338, 2.1720276, 0.36839488]
785 [1.5307654, 0.9496415, 0.33325452, 1.8145134, -0.3358477, 0.38146955, 1.9718753, 0.19894497]
789 [1.1254296, 0.39331603, 0.13003214, 2.3960426, 0.682808, 1.0434101, 2.2072241, 0.8930742]
803 [0.5303995, 0.16342442, 1.42288, 1.2091688, -1.8108339, 0.033798747, 1.0488361, 0.81247044]
808 [1.911432, 1.3015977, 0.87383926, 2.272738, -0.7452454, 0.4708773, 2.5179415, 0.30369005]
828 [0.6329681, 1.3446414, 1.5648186, 0.23401602, -1.7040187, -0.4207402, 1.6779789, 0.24010935]
847 [0.4112297, 0.060891256, 1.3700823, 1.1976455, -1.318817, 0.41506934, 1.0263988, 0.5932532]
888 [0.45143244, 1.2448235, 1.4040815, -0.18359987, -1.3755288, -0.5726229, 1.7004753, 0.22100699]
890 [-0.74676454, 1.5082883, 2.560247, 0.26365554, -2.2720425, -0.13033031, 1.5348756, 0.26032123]
893 [0.29997715, -0.99282086, 2.165981, -1.5207496, 1.157987, -1.011516, 4.2792673, 1.2925283]
899 [-0.062034797, 1.1539657, 1.5202012, -0.074834436, -1.4223535, -0.27880195, 1.1829964, 0.11532147]
902 [-1.1838727, -0.95969194, 1.7951782, -1.3857355, 2.7177792, -0.66682833, 3.1288378, 4.0820117]
908 [0.81366897, 0.13459359, -0.80771136, -0.9665791, -1.3916287, -1.0166932, 1.2456336, 1.2581009]
969 [3.3507676, -0.046900228, 1.8493615, 0.5128219, -1.3361704, 3.1575098, 2.259675, 4.7539825]
987 [1.2779143, 0.7423813, -1.3754803, -1.8415182, -2.149572, -1.6439897, 2.2380784, 1.9835932]
5 [0.61753285, 1.4237261, 0.548862, -0.44638792, -1.5976589, 1.6479349, 0.7419509, 1.119665]
145 [-2.3335843, 1.1592395, -2.2806222, 1.3144379, -1.2140361, 1.1130794, 1.647869, -0.15751654]
160 [-2.5134468, 1.0313517, -2.516727, 1.9727749, -0.36952436, 1.1761483, 1.8272846, 0.0068794144]
228 [0.25841478, 2.4267032, -0.2341766, -1.1053185, -1.8106912, 1.6496657, 1.7080543, 0.04423626]
244 [-1.1937681, 1.12724, 2.5028648, 1.515711, -3.0592346, 0.19052604, 3.3203952, -1.2759554]
248 [-1.7967825, 0.01666018, 2.4159517, 0.6259477, -3.1549437, -1.1553334, 3.3815565, -0.98846227]
257 [-1.9061424, -0.640611, 0.020602113, 2.233106, -0.50455, -0.18211214, 1.0154333, 0.92967945]
276 [-1.830009, -0.60100096, 0.026587622, 2.204516, -0.62273055, -0.28784907, 1.0480362, 0.8675686]
307 [-0.39663962, -0.103239104, -0.8192712, 1.7317724, -0.1898515, 0.18507287, 0.3000225, 2.3387654]
327 [-0.22949494, 1.2714311, -1.4734496, 0.2811457, -2.2514033, 0.8761446, 0.4610308, 1.2502735]
365 [-1.1194537, 0.8611154, -0.46747467, 0.15924908, -1.0289261, -0.81007814, -0.13181953, 2.7222872]
372 [-0.9808835, 0.8145907, -0.15477434, -0.14610212, -0.63450676, -0.86368394, -0.059837088, 3.7002273]
382 [0.26548395, 2.598736, 0.2510332, 0.1469237, 0.112332046, -1.6467791, 1.0172691, 1.2097259]
393 [-1.2570603, 0.88392925, -0.3932443, 0.024700815, -0.72499037, -1.0634174, -0.060605217, 3.5200377]
398 [-0.49845484, 0.9477031, -1.1423569, 0.12795089, -2.064081, 0.29639146, 0.17046519, 1.5580432]
399 [-1.1809428, 1.0771494, -0.9447447, 0.15367673, -0.75230294, -1.3955499, 0.09963767, 3.0274599]
420 [0.30951104, 2.534067, 0.5922618, 0.36893424, 0.049354043, -2.3441439, 0.84966946, 2.250781]
474 [-3.056061, 1.8099374, 0.56219125, 0.22230299, 0.4318179, 0.87070835, 0.72702736, 1.4480013]
475 [0.4549412, 3.9738846, 0.35935903, 0.35373485, 0.5064086, -2.2471356, 1.9317191, 1.6937276]
566 [-2.5902116, 0.5315406, 1.6684111, -1.6339877, 1.6086518, 1.5123861, 3.6051776, -0.09936161]
588 [0.8114293, 0.23271687, -0.8533624, -1.1613646, -0.12817061, 0.6258688, 2.0785258, 0.9264121]
609 [1.3001844, 0.45811066, -1.7268349, -1.1207324, 0.27059418, -0.14081901, 3.3223703, 1.2358456]
647 [0.77924037, 0.66224015, -1.7716119, -0.76609874, 0.91467196, -0.5918254, 2.9607599, 1.3475591]
695 [1.3519146, 0.09082312, -0.20515226, 2.5735133, 0.23238134, 0.30332568, 2.1676636, 1.1179361]
701 [-0.9286586, -0.29220662, -0.60086936, 1.3248427, 0.18432465, -2.7522995, 2.512437, 1.0087911]
718 [0.83867776, -0.96844506, -0.65741503, 2.2149215, 1.1117774, 1.0238246, 2.8124459, 1.2283648]
744 [0.42314205, -1.335617, -1.148923, 1.9218884, 1.0960044, 0.8862651, 2.7998466, 1.4271467]
750 [0.9655696, -0.2687447, -0.29485714, 2.1884587, 0.95415705, 0.9490189, 2.4012032, 0.88024265]
769 [1.2375944, 0.24587892, -0.08943666, 2.1564322, 0.6176676, 0.6524463, 2.1919193, 0.78293145]
774 [0.42835426, -1.0174272, -0.6666687, 0.90889364, 0.40397707, 0.3265736, 1.5930644, 1.1329569]
817 [0.57382804, 0.17811485, 1.5098027, 1.3025496, -2.068655, 0.044967573, 1.1697601, 0.88737077]
819 [0.7270958, -1.0822394, 1.6647784, -1.1717231, 1.2561827, -0.6037263, 3.9462726, 1.276743]
844 [0.5515865, 0.2409285, 1.4966496, 0.94040495, -1.8962082, -0.084536806, 1.127132, 0.8180097]
845 [0.40789098, -0.8358975, 1.2025214, -0.8572362, 1.0288709, -0.5536668, 2.5857277, 1.124356]
858 [0.527976, -0.86883134, 1.5265415, -0.91146713, 0.984559, -0.5957791, 3.2235537, 0.986983]
861 [0.27581894, 0.17315206, 1.4605703, 1.0362613, -1.3758922, 0.29272425, 0.9952135, 0.51694554]
892 [0.283713, 1.0984842, 1.4039794, -0.42513323, -1.0691227, -0.506497, 1.695095, 0.16504714]
934 [0.64902264, -0.4024232, -2.9125867, -2.8775167, -3.544911, -2.8324976, 4.22037, 2.6047928]
960 [1.2490323, 0.6149272, -1.3648639, -1.8001953, -2.120525, -1.689314, 2.2218707, 1.939133]
970 [3.3419435, -0.04129818, 1.8819364, 0.5660451, -1.3014889, 3.1559157, 2.287027, 4.718045]
972 [1.3054664, 0.6133023, -1.4213285, -1.811363, -2.0567038, -1.619908, 2.2734227, 1.9635422]
973 [1.0698934, 0.70535797, -1.5606735, -1.6575843, -2.0180252, -1.5105305, 1.8922805, 1.8949304]
992 [1.2649622, 0.6622872, -1.4922429, -1.8967811, -2.1246576, -1.6794566, 2.3448167, 2.0267396]
6 [1.011834, 2.1150956, 0.7264518, 0.30604064, -1.3091497, 1.3447917, 1.2129616, 0.41098225]
237 [-0.39259297, 1.4318238, 1.285725, 1.3891146, -1.7238933, -0.31755385, 2.731958, -1.2986919]
240 [-0.6177492, 1.0427338, 1.827766, 1.2721801, -2.4984984, -0.4733249, 3.0973022, -1.3159617]
274 [-0.8593051, -0.3747869, -0.56360316, 1.7025445, -0.053216733, 0.026101366, 0.34900787, 1.6144506]
284 [0.26644504, 1.2404432, -2.1253638, 0.44377127, -0.7866212, 1.2858318, 0.63231134, 1.4399369]
289 [-0.11003375, 0.30803922, -1.4854794, 1.5512108, -0.43207258, 0.7975453, 0.27935097, 2.6009133]
320 [-2.193741, -0.69041705, -0.23243187, 2.7535305, -0.42563045, -0.08712398, 1.1717813, 1.3542061]
377 [-1.0970199, 1.027588, -0.6305036, 0.3269918, -1.920589, -0.22629334, -0.10513654, 2.2643998]
396 [-0.047091663, 0.989973, -1.5499461, 0.5854802, -1.4592063, 0.8930713, 0.48348442, 0.95133436]
410 [-0.51887476, 1.0497946, 0.3325809, 0.052305017, 0.062119126, -1.3656, 0.11147083, 3.2414546]
413 [-1.502556, 2.6997712, 0.7507643, -0.020551411, 0.3975629, -0.26417792, 1.1447015, 0.5355716]
415 [-0.7317868, 0.92703676, -0.96312445, 0.33582094, -1.3200718, -0.45591122, -0.040456567, 1.8707061]
429 [-2.3738563, 0.14120947, 1.8819165, -0.25250107, 0.33088756, 0.68296474, 1.1865944, 0.9050469]
433 [-0.82990795, 0.84363556, -0.86921716, 0.2530867, -1.464679, -0.26414445, -0.05464081, 1.7881348]
440 [-0.9917819, 0.59860176, 0.078045666, -0.20965421, -0.36653116, -0.79532534, -0.054848585, 3.3287501]
446 [-0.5906716, 3.4242146, 0.15588315, 0.034609675, 0.50402933, -1.0527109, 1.6419883, 0.75358933]
489 [-0.028003609, 2.253638, 0.88049096, 0.3460235, 0.018150175, -2.354704, 0.44010568, 2.9438531]
490 [-0.105432965, 4.150391, 0.05600814, 0.19720128, 0.6304574, -1.6334077, 1.9501526, 1.2191987]
527 [-3.2616746, 3.2851024, 1.2988943, 0.09817412, 1.1390231, 0.5757694, 1.4907994, 1.3784872]
558 [-2.5923843, 1.1830306, 2.1375816, 0.7801843, 0.11061501, 1.0275508, 0.44578406, 1.9798623]
564 [-3.735617, 1.4278136, 3.5790567, 0.67000043, -0.26652655, 1.9560158, 1.1853836, 2.3195562]
567 [-2.8323355, 1.419766, 2.3994634, 0.8233925, 0.08234126, 1.1310372, 0.52503216, 2.1066575]
597 [0.24268684, 0.7559402, -0.6352247, -1.6786164, -0.3559537, 1.4866583, 1.1725937, 1.652516]
607 [0.1297539, 0.4263765, -0.53709817, -1.7606428, -0.29400817, 1.701095, 1.6882153, 1.5244005]
633 [-0.9183133, -0.25674132, -0.53465533, 0.79403543, -0.12992556, -2.19277, 1.7907405, 0.66382337]
658 [-1.5013493, 0.811489, -0.9702527, 0.41919264, 0.1657686, -3.6034348, 2.2427027, 1.4736692]
705 [0.6561054, -1.5537171, -1.1168205, 2.5973096, 1.5397404, 1.2468274, 3.6286151, 1.7706356]
709 [-1.7720164, 0.921587, -0.78474057, 0.7571546, 0.38182014, -3.8541467, 2.6454675, 1.2609758]
743 [1.1382275, -0.15609917, -0.22626366, 2.3706305, 0.84993494, 0.8698978, 2.4488704, 0.9368089]
767 [-0.3847404, -0.7734291, -0.29882836, 0.72087085, 0.067467935, -0.79874796, 1.2802559, 0.6716499]
780 [1.0249827, 0.10240195, -0.033257257, 2.5400589, 0.7940388, 0.96044624, 2.26162, 1.0884706]
782 [-1.2265258, 0.6675272, -0.45291385, 0.6752084, 0.37999383, -2.9179635, 1.8822638, 0.9907917]
810 [0.9528789, -0.16233101, -0.36681905, 1.89826, 0.9269641, 0.98938406, 2.3139226, 0.7767981]
836 [1.5221077, 0.80017734, 0.45910197, 2.1055284, -0.47569373, 0.6626797, 1.95762, 0.36153847]
837 [0.41881403, -0.067873254, 1.1124245, -0.5323019, -0.004282171, -0.56722426, 2.245708, 0.19121605]
863 [0.6466921, -0.9529568, 1.6318426, -1.1718391, 1.3574839, -0.44854522, 3.783542, 1.1432229]
875 [-0.89378726, -1.0239224, 1.82483, -1.4064722, 2.7098103, -0.42986652, 3.0897694, 4.2238965]
884 [0.29781625, 0.37015635, 0.9714531, -0.36387715, -0.63284945, -0.58758867, 1.4086366, 0.19772786]
891 [-0.7931651, 1.3398402, 2.5302343, 0.226347, -2.0129936, 0.04057494, 1.50529, 0.21710019]
909 [0.3723123, 1.0993025, 1.2909344, -0.3036193, -1.3060927, -0.33532387, 1.381713, 0.2577815]
916 [-0.5151114, -1.0420793, 0.8451816, -1.0415099, 1.3083738, -0.5773797, 1.8933063, 2.5975564]
980 [1.2433563, 0.5995934, -1.4220167, -1.8530189, -2.0282295, -1.6782889, 2.2769718, 1.9636931]
994 [1.2383709, 0.6944889, -1.3500181, -1.7987595, -2.163185, -1.7092987, 2.2645006, 1.974097]
7 [0.038129985, 2.2128625, 1.3136632, 1.6054683, -1.2784204, 0.38135958, 2.635646, -1.0313051]
263 [-2.1731896, -0.74600536, -0.23484446, 2.8064165, -0.44688815, -0.08475508, 1.151607, 1.4785041]
287 [-2.4318461, -0.8439778, -0.22504073, 3.095255, -0.5004622, -0.0058775623, 1.296681, 1.5628971]
333 [-0.8114164, 1.0037496, -0.82823896, 0.23548952, -2.324532, 0.08971541, 0.043696035, 1.9703462]
336 [-0.45642114, 1.211274, -1.4062979, 0.14984712, -2.4966013, 0.7653566, 0.32523444, 1.5742452]
461 [-2.8606365, 1.6736172, 0.50039065, 0.6187304, 0.60199475, 0.77947325, 0.5447853, 1.5511905]
478 [0.35493279, 2.716299, 0.8105817, 0.49727514, -0.017309489, -2.3646765, 0.8945639, 2.3148935]
480 [-3.4710515, 1.0516653, 0.13275029, 0.5657107, 0.19545895, 1.282338, 0.35807565, 2.7606413]
506 [-1.2247673, 1.6916482, -0.69878453, -2.3220496, 0.25912756, 1.9734654, 1.5865777, 1.0360337]
534 [-0.47624582, 2.8573532, 0.09976973, 0.12892094, 0.64334047, -1.0932634, 1.2673435, 0.809868]
539 [-2.5310447, 0.59308904, 2.0563774, 0.18795392, 0.049607724, 1.242263, 0.73742086, 1.5708792]
555 [-1.9505894, 3.0951698, 1.0360518, -0.003182894, 0.97046554, -0.26860017, 1.282314, 1.1484057]
556 [-2.2458186, 1.2611674, 0.5703541, 0.6908755, 0.39326203, 0.5988241, 0.2592958, 1.3546362]
593 [-2.332684, 0.63854146, 1.9049152, 0.2846145, 0.05779739, 1.0331132, 0.58324444, 1.5121698]
602 [-1.6401674, 2.4056928, -1.3736732, -2.992869, 0.33053163, 2.8939314, 2.1367126, 1.61239]
657 [0.9910635, 0.45055744, -1.4140227, -0.87627363, 0.37502575, -0.21874402, 2.6653879, 0.9593828]
707 [1.2935208, 0.5004964, -0.19155766, 1.9502741, -0.59414417, 0.11788868, 1.5843607, 0.7621666]
710 [0.5761552, -1.2682258, -0.8836249, 2.1200542, 1.1416526, 1.0530828, 2.9142125, 1.3429354]
727 [1.5006263, 0.5304563, -0.25067723, 2.2480245, -0.5224859, 0.18287367, 1.8822426, 0.8470139]
815 [1.1192242, 0.33949754, 0.8963583, 1.8975997, -0.8995326, 0.52913016, 1.4844317, 0.46421972]
831 [0.3844189, 0.945119, 1.2047873, -0.09458686, -1.1536397, -0.44561324, 1.3465142, 0.20710208]
865 [0.6563636, -0.81524867, 1.2824897, -0.3635866, 0.77157676, -0.692616, 2.962931, 0.7912259]
930 [1.316034, 0.646901, -1.5271413, -1.861401, -2.1857724, -1.7525904, 2.3507075, 2.1636522]
935 [0.60969627, -0.011166538, 1.3990186, -0.9227466, 0.28533292, -0.66318935, 3.0601811, 0.38408077]
967 [1.2421565, 0.64148164, -1.37069, -1.7796892, -2.0153048, -1.5881562, 2.2232256, 1.937878]
974 [0.45023587, 0.12724648, -2.1086593, -2.753926, -2.597738, -1.9566048, 3.101634, 2.1144786]
985 [0.24066295, -0.08638886, -1.6608006, -1.9623231, -2.3066337, -1.4875787, 2.2512805, 1.5260433]
998 [3.4371545, 0.022767384, 1.9245073, 0.53795105, -1.2587742, 3.22598, 2.3505695, 4.834277]
8 [1.3680586, 2.1001854, 0.8351914, 0.0042572482, -1.5363278, 1.6473246, 1.3697666, 0.8369087]
179 [-1.7123988, 0.3362451, -0.8407677, 1.3734741, 0.051368136, 1.94256, 1.2496082, 0.65313596]
300 [-2.2326338, -0.79236907, -0.19636841, 2.795991, -0.52164185, -0.043832045, 1.1732943, 1.441663]
331 [-0.2732051, 0.5613391, -1.8560103, 1.5253038, -0.65515125, 1.2734414, 0.3207015, 2.5528498]
370 [-0.40242928, 1.2256004, 0.2525928, 0.1165244, -0.17914374, -1.2981538, -0.01394247, 3.0744593]
394 [0.41209662, 2.6033306, 0.26084483, 0.3097659, -0.09326025, -2.140854, 0.9947065, 1.6524736]
405 [-0.79789966, 0.7951137, 0.15977857, -0.16726728, -0.19363914, -0.9904409, 0.00026286847, 3.3151748]
449 [0.54499733, 3.534049, 0.42786565, 0.27614385, 0.12977476, -2.4431248, 1.522969, 1.9472622]
472 [-3.2156684, 3.3716145, 1.3976525, 0.2049642, 1.031707, 0.1718561, 1.691088, 1.070202]
509 [-0.97003686, 3.2563946, 0.2790814, 0.14677605, 0.85008615, -1.1173936, 1.422185, 1.1078638]
542 [-2.7738924, 0.2388466, 1.9560461, -0.6685668, 0.55072254, 1.1801568, 1.8956203, 0.4851741]
544 [-2.9012096, 0.7674324, 2.4294813, -0.19772442, -0.22155298, 1.2141147, 1.1524082, 1.1417633]
581 [0.48601276, 0.28270662, -1.117296, -0.94914913, 0.030926174, 0.14798836, 1.9638535, 0.5461595]
586 [-1.6936933, 2.2175753, -1.1608913, -2.9826882, 0.33281586, 2.854875, 2.2391644, 1.3893092]
603 [-1.1585379, 1.6667601, -1.1809225, -2.5174153, -0.30870578, 2.4817405, 1.6601108, 1.2577546]
641 [1.1449779, -1.7490722, -1.9860165, 0.82555777, -0.09689856, -0.1216078, 3.2878437, 2.4389117]
643 [1.3542881, 0.71054614, -1.9204792, -1.128533, 0.44832453, -0.16585901, 3.732736, 1.280185]
661 [-1.6411942, 0.7559376, -0.95931923, 0.42892995, 0.2710662, -3.6627238, 2.475323, 1.3743181]
679 [0.6481162, -1.3673683, -0.92836475, 2.2996938, 1.1737877, 1.1177578, 3.1569555, 1.4467573]
690 [0.296312, -1.2948947, -1.2706703, 1.1941243, 0.45743194, -0.031162078, 2.309907, 1.4070861]
694 [-0.8574633, -0.37383175, -0.49423262, 0.8360257, -0.13972203, -2.1271126, 1.8416674, 0.6955137]
725 [-0.9804914, -0.3478091, -0.6456462, 0.9566222, -0.104687676, -2.411644, 2.1974669, 0.7271048]
746 [-1.5632495, 1.1560732, -0.5803891, 0.6834718, 0.5676655, -3.5894217, 2.4214127, 1.2444588]
775 [0.33690175, -0.9885884, -0.653312, 0.989167, 0.471027, 0.50036746, 1.6543437, 0.9133264]
793 [0.554577, -0.119677275, 1.5506939, 2.1442933, -1.7776667, 0.43346718, 1.2295426, 1.0376915]
797 [1.4718577, 0.89793485, 0.2837365, 1.9045478, -0.34261683, 0.3863906, 1.8304363, 0.40502915]
805 [-1.1600441, 0.7175821, -0.69694334, 0.27137893, 0.4208034, -2.361306, 1.7238411, 0.81546617]
827 [1.3933053, 0.4003759, 0.87671465, 1.9278498, -0.827394, 0.7494258, 1.7924688, 0.3965673]
829 [0.5459277, 0.3757436, 1.6138402, 0.92577875, -1.8860338, -0.17176701, 1.2281345, 0.6887214]
835 [0.792189, 1.5708911, 1.6055896, 0.14270084, -1.560708, -0.30623934, 1.8531976, 0.25262576]
843 [0.5390909, -0.3458871, 1.7628365, 2.5412538, -2.0508652, 0.6362405, 1.3639555, 1.4034289]
869 [0.1016948, 0.42315057, 1.566779, 0.9294946, -1.4001256, 0.3239646, 0.987121, 0.45208085]
871 [0.6420681, -0.6693661, 1.6458732, 1.3531015, -1.4837581, 0.47757527, 1.5528705, 0.8978081]
883 [0.3084479, 1.1666149, 1.3273029, -0.35409814, -1.2864211, -0.31829047, 1.4162271, 0.19851401]
895 [0.39883912, -0.9900122, 2.1241078, -1.4694619, 0.6248192, -0.76571614, 4.1151395, 1.0214988]
911 [-1.7924936, -0.74455845, -2.0519874, -1.3000718, -1.5436581, -1.2409246, 1.758117, 1.4677229]
917 [-3.5059247, -1.0006047, -3.3716538, -2.3624175, -3.113286, -2.0550246, 3.1073165, 2.4044685]
9 [-1.2657787, -0.29759502, -0.11131416, 1.6371448, -0.20519385, -0.422006, 0.6859027, 0.6154823]
374 [0.027156191, 1.8123693, 0.79185396, 0.35192844, 0.1386104, -2.2920854, 0.53173256, 2.8818977]
383 [0.08981613, 2.1655087, 0.6490753, 0.30763787, 0.18114954, -2.2538524, 0.576948, 2.437539]
452 [-1.2707424, 1.3130007, -0.79598194, 0.51408875, -1.6447986, -0.575185, -0.094074, 2.516226]
482 [0.073978424, 3.122723, 0.07411008, 0.1296565, 0.53528744, -1.3222291, 1.5539091, 0.9412038]
505 [-0.744416, 1.4846524, -0.8578093, -2.010583, 0.09707003, 1.7705368, 1.2730945, 1.1614096]
639 [-1.6282498, 0.8845297, -0.95906085, 0.47962677, 0.20269044, -3.519599, 2.3951657, 1.1290951]
681 [0.4221317, -1.459891, -1.0414575, 2.170268, 0.837461, 0.9174376, 2.800633, 1.43941]
731 [0.24346548, 0.7200255, -2.0462084, -0.67847717, 1.0436972, -0.89145315, 2.5417383, 1.7266915]
742 [-0.72023016, -0.5241002, -0.62124926, 1.1014584, 0.024800204, -2.1295571, 2.1707945, 0.7841497]
799 [0.23492429, -1.5986607, -1.5415145, 1.1158198, 0.4266523, -0.023704933, 2.3596184, 1.988197]
818 [1.4583116, 0.68836373, 0.6326993, 1.8730308, -1.0426186, 0.3689489, 2.0279908, 0.060803764]
927 [-1.2079419, -1.2762318, 1.4319819, -1.0624738, 2.6707516, -1.1795766, 3.2324874, 4.205245]
962 [0.5221901, 0.06766066, -2.1102486, -2.7409306, -2.8610961, -2.1669805, 3.253725, 2.188388]
966 [0.8847916, 0.4408281, -1.0790833, -1.3238006, -1.7138085, -1.3271599, 1.6051221, 1.4619907]
989 [3.450723, -0.015967106, 1.9121709, 0.5127249, -1.3599455, 3.2388494, 2.3462029, 4.8295736]
10 [-1.480722, 0.13137464, 0.48133802, 1.1392679, 0.24092995, 2.119193, 1.1294223, 1.4649136]
255 [-2.1098466, -0.7574769, -0.27399993, 2.7188516, -0.26167262, -0.25498515, 1.0872815, 1.4708184]
281 [-0.130196, 0.7100857, -1.5700678, 0.81031877, -0.7855617, 0.91410476, 0.259761, 1.3036093]
302 [-0.51426566, -0.24138401, -0.664736, 1.5600054, -0.061619926, 0.19543785, 0.2928775, 1.8733654]
315 [-1.7653724, -0.6652374, -0.28054708, 2.595148, -0.043308202, -0.11067511, 0.8704907, 1.7085639]
343 [-0.29742962, 0.90417624, -1.7776083, 1.0914575, -0.8505339, 1.1881685, 0.24166983, 1.6928124]
355 [-0.6879486, 0.87783366, -0.961966, 0.29600206, -1.3465618, -0.44488803, -0.023571685, 1.9609088]
373 [-0.11113618, 1.1452767, -1.7070398, 0.58675534, -1.5127887, 1.0765752, 0.4424939, 1.0599239]
375 [-0.3376417, 1.2963103, 0.3274475, 0.2687087, -0.12985781, -1.5471278, 0.015509511, 3.3201015]
448 [-0.6972846, 2.3327992, 0.31853837, -0.025114125, 0.3695495, -0.76823866, 1.0990874, 0.47665125]
546 [-1.259855, 1.8678445, -1.1017617, -2.4550555, 0.10467157, 2.4225898, 1.6216737, 1.4127965]
598 [0.70473695, 0.14211242, -1.3638482, -1.1039828, 0.26147646, 0.30821994, 2.8811183, 0.8140012]
610 [-3.3459039, 0.071498044, 1.9162784, -1.5836984, 1.6654238, 1.7342188, 3.7145402, 0.09286345]
620 [-0.9020935, 1.0245457, -0.93712515, -2.0398908, -0.13399972, 2.1884015, 1.4992318, 1.1910858]
628 [0.37073287, -1.562112, -1.0549792, 2.109245, 0.59853536, 0.7884628, 2.8162289, 1.5016104]
630 [0.745754, 0.6904649, -1.6850692, -0.7136061, 0.8979694, -0.5565975, 3.1335242, 1.1488682]
665 [0.22119448, 0.6983371, -2.0215354, -0.7584113, 0.96319395, -0.793182, 2.634895, 1.5540831]
673 [0.17432086, 0.8775135, -2.1886938, -1.0728785, 0.74009424, -0.46404704, 2.6978471, 1.454829]
741 [0.31591696, -1.4324343, -1.0870146, 1.9216582, 0.9537031, 0.880447, 2.7716408, 1.4002786]
748 [-1.3040334, 0.8834391, -0.5722274, 0.5386875, 0.37560284, -3.1347594, 2.0465581, 1.0691776]
794 [1.6136373, 0.29014435, 1.1151315, 1.61148, -1.6629002, 0.34115532, 1.865569, 0.7269677]
807 [0.87647015, -0.25567552, -0.376169, 1.8685082, 0.99109167, 0.9828366, 2.2932434, 0.7697701]
813 [1.7447149, 0.81143945, 0.84110993, 2.1097984, -1.2269124, 0.3251411, 2.4887066, 0.027967842]
816 [0.8070054, -0.05537012, 1.1553004, 1.8802371, -1.2909896, 0.4484309, 1.2825217, 0.6783782]
824 [0.7959944, -0.035946213, 1.1782883, 1.7921757, -1.2170084, 0.50856435, 1.2734414, 0.6881687]
854 [1.4945492, 0.6269112, 0.8274527, 1.9063308, -1.097518, 0.53809327, 2.1014638, 0.07718319]
862 [-0.7556587, -1.1812735, 1.0163457, -1.617994, 1.4310857, -0.36364457, 2.2966301, 3.3807325]
913 [-0.94477814, -1.1809165, 0.9820477, -1.2217361, 1.3272445, -0.41911143, 1.883469, 3.0539246]
931 [-2.3596528, -1.1511613, -2.2523978, -1.2280542, -2.1856742, -1.4112556, 1.9753194, 1.5841607]
937 [0.7616709, -0.013273199, 1.6139667, -0.9208101, 0.49563804, -0.79090077, 3.2288609, 0.7495424]
943 [-0.8554164, -1.5072544, 1.5931191, -2.27214, 1.6012791, -0.584141, 3.1571095, 4.142705]
971 [-3.4704227, -1.2634869, -2.7063835, -1.4610351, -3.1629374, -2.009688, 2.6239378, 1.732539]
977 [3.3614933, -0.021136487, 1.8867133, 0.5039675, -1.2021542, 3.1789758, 2.292168, 4.8153634]
11 [-1.299686, -0.36552033, 0.73114485, 0.7644263, -0.43699887, 1.5738968, 0.5839566, 1.4936701]
215 [0.026990565, 2.2655227, 0.8386754, 2.352258, -1.3513241, 0.36653447, 1.4745619, -0.051038306]
252 [-1.9469861, -0.556486, -0.11412766, 2.4665155, -0.3462175, -0.13872784, 1.1139001, 1.0274105]
316 [-0.09638176, 1.4953686, -1.9645815, 0.5519715, -2.001483, 1.2662039, 0.62285554, 1.2223591]
369 [-1.1685921, 0.9351423, -0.5455677, 0.3146913, -1.1621991, -0.7035484, -0.16898568, 2.2843053]
376 [-0.21216357, 1.408342, -1.7000781, 0.36921993, -2.475603, 0.9994521, 0.5330807, 1.3811873]
427 [-2.5230684, 2.5044641, 1.15139, 0.0635703, 0.45136136, 0.40566137, 1.1596657, 0.77789617]
457 [-0.34388205, 1.216804, 0.92851937, 0.32482788, -0.29552403, -1.5910171, 0.047486283, 3.2143304]
469 [0.2905502, 4.5412607, 0.32730684, 0.50916874, 0.5777859, -2.2677908, 2.0423937, 1.896518]
471 [-1.2014793, 0.88475776, -0.36794096, -0.13922666, -0.6371877, -0.9803958, -0.0253422, 3.2896407]
515 [-2.6023934, 1.3430088, 1.9089478, 0.98982835, 0.14790347, 1.0558861, 0.2567174, 2.2100184]
594 [-3.7770205, 0.28562447, 2.6201255, -1.3815926, 1.3902373, 2.086292, 3.888179, 0.15349287]
618 [-1.4273778, 1.9849726, -1.1784087, -2.7004147, 0.027687589, 2.6132348, 1.7863003, 1.4252398]
662 [-1.6629198, 0.93550795, -0.9851708, 0.30363894, 0.32444015, -3.683332, 2.6063025, 1.3406264]
749 [0.67162603, 0.4173256, 1.2644738, 0.20920326, -1.6314677, -0.3293672, 1.4170341, 0.462058]
838 [1.2193505, 0.40433916, 0.29539037, 1.5928684, -0.46728998, 0.56267834, 1.466542, 0.28183877]
881 [0.5041699, -0.8255307, 1.8921359, -1.2874769, 0.9570929, -0.48086876, 3.6830103, 0.9951893]
946 [3.4722984, -0.0969515, 1.9732772, 0.6064467, -1.3079475, 3.2322814, 2.3671741, 4.873478]
955 [-0.82840294, -1.306264, 1.1390944, -1.7287059, 1.38981, -0.44033277, 2.4400642, 3.4746792]
963 [-0.6696539, -1.0460811, 0.747532, -1.0916586, 1.2490591, -0.31606117, 1.7267101, 2.6283884]
988 [3.468311, -0.04724533, 1.9341338, 0.56141865, -1.3277178, 3.2277684, 2.3506484, 4.8818593]
12 [0.24023059, 2.4499166, 0.95462734, 1.4687151, -0.8734623, 0.57743186, 1.5265539, -0.1552338]
422 [-0.44121218, 1.4915276, 0.57509494, 0.02213834, 0.15585013, -1.7927953, 0.25422773, 3.381525]
528 [-2.608484, -0.33385482, 1.5792445, -1.3535142, 1.1301981, 1.4648082, 3.207918, -0.104240604]
531 [-1.3326914, 2.1568775, -0.9131632, -2.646558, 0.25825894, 2.3373325, 1.7783889, 1.3625542]
576 [0.79887795, 0.09408544, -1.4405984, -0.95090216, 0.3590062, 0.020338805, 2.8825781, 0.9379909]
621 [-1.246714, 0.9557651, -0.991498, 0.11023758, 0.29998782, -2.9633527, 2.1911106, 0.96264285]
691 [1.1420105, -1.8712358, -2.125411, 1.1732739, -0.09180029, -0.17095795, 3.6783872, 2.5438101]
755 [-0.4288523, -0.92248625, -0.49225363, 0.9508766, -0.16980013, -1.340061, 1.5450782, 1.1068761]
764 [1.4617324, 0.7039458, -0.08132461, 1.7984468, -0.25287315, 0.24876782, 1.7990006, 0.52663416]
779 [1.5971428, 0.5041717, -0.15935312, 2.3094656, 0.73258823, 1.045957, 3.0776591, 0.41249058]
851 [1.3314769, 0.5864846, 0.7518998, 1.8019464, -0.845705, 0.492678, 1.6843156, 0.25656438]
887 [-0.73263013, 1.418881, 2.4714618, 0.1131024, -2.0928724, -0.21699356, 1.4955924, 0.23058647]
894 [0.2195717, -1.2116655, 2.0195942, -1.4873819, 1.7019125, -0.8714229, 4.1809, 1.782567]
961 [-0.1778854, -1.2104036, 1.7510334, -1.7244338, 1.2909197, -0.6478077, 3.1511602, 2.2714236]
999 [3.492715, -0.02194898, 1.9177492, 0.5554197, -1.3375062, 3.2507007, 2.411896, 4.941898]
13 [-1.2521203, -0.77490604, 1.0918882, -0.15665413, -2.3884826, 0.92422163, 0.24064225, 2.5528877]
251 [-1.8466833, 0.05580644, 2.3224125, 0.6037871, -3.041854, -1.1867319, 3.222582, -0.90156364]
298 [0.2484389, 1.1794145, -2.8415782, 1.229653, -0.29827332, 1.3404816, 0.9908756, 2.008826]
668 [0.5325293, 0.6476755, -0.39045787, -3.1311476, -0.6178835, 2.3978136, 3.047007, 2.5769348]
733 [-0.5579018, -0.7445974, -0.5449751, 1.1964132, 0.080066286, -1.7020023, 1.9668341, 0.94018716]
763 [1.1197778, 0.35946044, 0.07699843, 1.5839022, -0.05218554, 0.4870585, 1.4240774, 0.4621673]
784 [0.71431386, -0.6876703, -0.7742861, 1.8084813, 0.9782426, 1.0158124, 2.3541262, 0.9563279]
790 [1.3723993, 0.69604987, 0.04353168, 2.0579004, 0.33064026, 0.74284863, 2.1137867, 0.5014818]
820 [1.827256, 0.9691395, 0.96907365, 2.2698731, -1.1727418, 0.3138765, 2.743221, -0.0348128]
886 [-1.3209103, -1.1891544, 1.6122564, -1.1110839, 2.6153443, -1.0988863, 3.0917883, 4.2196836]
922 [0.29476932, -0.84915805, 1.933955, -0.7498089, 0.76259583, -0.94723326, 3.339502, 0.9106751]
923 [0.9544694, -0.33463314, -3.223518, -2.991477, -3.2815328, -2.8017247, 4.519952, 2.6662781]
933 [0.21590108, -1.1401292, 1.8164283, -1.4185097, 1.5479674, -0.8031651, 3.805131, 1.7633158]
968 [-2.6521146, -0.8861927, -2.7841983, -1.7375921, -2.2111819, -1.6765269, 2.4067523, 1.9808925]
14 [0.0038281984, 2.9010758, 1.4911791, 2.0009687, -1.2775584, 0.5244664, 2.8845496, -0.8546521]
425 [-3.068843, 2.6777403, 1.2911288, 0.2559982, 0.69523746, 0.10774038, 1.5157635, 0.6710973]
615 [-2.5921726, 0.74068475, 2.2398548, 0.18705006, -0.20166546, 1.1480844, 0.6814639, 1.4230695]
637 [0.773981, -0.82118094, -0.5080669, 2.0728467, 1.0419688, 0.9362049, 2.5543075, 1.0608923]
688 [1.2749236, 0.7086627, -1.7318349, -0.92892915, 0.47522116, -0.21990876, 3.4206157, 1.1681888]
706 [-1.4337136, 0.84674764, -0.6227025, 0.64552605, 0.4218519, -3.2619407, 2.236452, 1.0958084]
756 [-1.1454662, 0.8406182, -0.48376638, 0.54610837, 0.45392436, -2.9658759, 1.971723, 0.98445904]
830 [0.99129665, 2.1210234, 1.9875956, 0.46418762, -1.9961557, -0.36628705, 2.304443, 0.30316997]
932 [0.21412924, -0.832243, 1.3329998, -1.0759126, 1.0140741, -0.50725627, 2.6194208, 1.2950848]
965 [-0.7718067, -1.1586707, 0.85617983, -1.3935122, 1.3375567, -0.29284394, 2.0281343, 3.0121877]
15 [-1.2066455, -1.2227737, 2.0470488, 0.50905067, -3.163667, 2.106481, 1.172783, 3.0289364]
245 [-0.6293869, 0.95561, 1.6725996, 1.0644957, -2.3191023, -0.27025205, 2.6991374, -1.1906204]
346 [-0.49447498, 0.9542872, -0.091694504, -0.12370961, -0.3533809, -0.8539159, -0.052477896, 3.3021877]
524 [-3.8247092, 0.8152671, 0.6834121, -1.4206862, 1.6071444, 3.1791096, 3.6055012, 0.20486136]
574 [-3.1204085, 0.24383584, 2.0474823, -1.7863182, 1.7911539, 1.7469404, 3.9413965, 0.11298093]
575 [-1.0717596, 2.11523, -1.2579169, -2.8545463, -0.21814218, 2.5757473, 1.759826, 1.7343973]
624 [-3.0243413, 0.1386566, 1.7351304, -1.5701033, 1.8553617, 1.716304, 3.6466975, 0.14633352]
685 [-1.1865487, -0.49188098, -0.27435097, 1.204452, -0.1226716, -2.0558436, 1.6436136, 1.0250523]
702 [-1.0781244, -0.27067447, -0.6882191, 1.0252455, -0.061115038, -2.5596867, 2.2728055, 0.79181576]
761 [0.44221142, -1.1306351, -1.1062274, 1.6664845, 1.0636946, 0.885278, 2.6373959, 1.2358627]
800 [0.697054, 0.25845724, 1.4513694, 0.51317984, -1.8660613, -0.24785745, 1.4240396, 0.5902676]
804 [0.4907772, 0.19936638, 1.4087452, 1.2220192, -1.7377183, -0.013347239, 1.0535657, 0.6999883]
832 [1.6435534, 0.7737565, 0.7505272, 2.00685, -0.8330304, 0.40914848, 2.2006416, 0.14621626]
850 [0.6602315, 1.3391526, 1.5298723, 0.31530684, -1.5800987, -0.3777272, 1.634287, 0.24593456]
945 [-3.0942917, -1.296966, -2.7110357, -1.3404789, -2.930763, -1.5266575, 2.2359395, 1.7471986]
947 [-2.4093637, -1.2703465, -2.3402538, -1.1479313, -2.5243082, -1.2974169, 1.8958772, 1.832422]
964 [0.28923744, -0.40152594, -1.5591784, -2.0265377, -2.4897907, -1.6038312, 2.4739482, 1.8343467]
16 [-1.4379866, -0.22263373, 0.71765083, 0.81927264, -0.350954, 1.7801042, 0.73100805, 1.5884405]
208 [-1.841319, 0.041608386, 0.02155331, 1.080627, -0.7534336, 2.1849875, 0.8840621, 1.3912671]
314 [-0.22872543, 0.9597013, -1.5945271, 0.7263141, -0.9985799, 1.1887236, 0.25493646, 1.3311317]
371 [-0.61476946, 0.86305946, -0.0701237, -0.12926757, -0.2308647, -0.79847467, -0.08094268, 2.8395286]
520 [-0.5203058, 2.9318879, 0.2732194, 0.3637213, 0.6661933, -1.3036499, 1.5750494, 0.8150078]
557 [-3.8091414, 0.77252823, 2.7125537, -0.46271855, 0.39214492, 1.7159967, 2.2865245, 0.7067]
571 [-1.6390738, 2.6056378, -1.0399959, -3.1754315, 0.54417396, 2.922885, 2.4088292, 1.6399337]
619 [-0.26663923, 0.4771303, -0.6915851, -1.8209914, -0.27901423, 1.9687208, 1.746443, 1.3543929]
622 [-0.77689785, 0.60279626, -1.1313003, -0.15276553, 0.37766334, -1.7129452, 1.5319426, 0.79652196]
651 [0.9873387, 0.49242753, -1.5660937, -0.8787438, 0.3281749, -0.08492837, 2.8043296, 0.9484622]
676 [0.5699061, 0.5934866, -1.7027159, -0.727257, 0.8791318, -0.57613254, 2.853188, 1.2007475]
689 [-1.351258, 0.7663843, -0.8125043, 0.40082145, 0.2983009, -3.6753438, 2.3617074, 1.5618587]
787 [0.45156097, -1.073755, -1.1289603, 1.7060895, 1.0999321, 0.8899796, 2.588099, 1.2764779]
841 [2.0249681, 1.4719838, 0.42102247, 2.4720175, -0.28834707, 0.88727427, 2.5317998, 0.6672516]
873 [0.68524617, -1.0042794, 1.3940153, -0.3937015, 0.7675216, -0.75762445, 3.1873803, 0.8656697]
896 [0.2614528, -0.8034884, 1.8935207, -0.9365511, 0.80160886, -0.7433164, 3.3824644, 0.8522719]
898 [0.11310343, -0.9731752, 2.043859, -1.0856287, 0.74565274, -0.91221666, 3.6414135, 0.9204749]
905 [-0.62498164, -1.6369092, 2.2322412, -2.572826, 1.7083699, -0.71346134, 4.056028, 3.8552551]
919 [0.19767672, -1.0979035, 1.8132457, -1.4287505, 1.5669967, -0.82871026, 3.7218797, 1.727475]
920 [-2.7030764, -0.98356694, -2.307604, -1.7189924, -2.391452, -1.4294058, 2.2257657, 1.686389]
921 [0.34982795, -1.0519415, 1.7904173, -0.9984042, 1.2649597, -0.7576382, 3.2814875, 1.5643076]
981 [3.3743737, -0.052209724, 1.8646309, 0.6001397, -1.277286, 3.1653445, 2.2949085, 4.7417297]
17 [-0.9293725, -0.54023784, 0.9601212, -0.26141524, -2.3153195, 0.90185356, 0.23780662, 2.2813404]
590 [-0.58152807, 1.241902, -0.7324013, -2.0331795, 0.004145875, 2.0097427, 1.3750473, 1.212294]
599 [0.43954784, 0.09709984, -1.5684842, -0.79221135, 0.6217987, -0.21234654, 2.567998, 1.0003316]
678 [0.25594342, -1.625642, -1.2993436, 2.044524, 0.9024664, 0.79497415, 2.8558512, 1.620197]
735 [1.0229838, -0.44149232, -0.3422102, 2.4371037, 0.97891396, 1.1410952, 2.650439, 0.96204066]
792 [1.7307434, 0.9662672, 0.71941286, 2.059533, -0.9574813, 0.42803368, 2.4108663, 0.014247868]
986 [3.4532602, -0.059779577, 1.9353176, 0.5725707, -1.318299, 3.2669675, 2.3400311, 4.904407]
18 [-0.23713382, 0.1849356, 0.70111364, -0.43986857, -1.5759908, 1.0262235, 0.25171566, 1.420004]
342 [-0.8712975, 1.0686187, -0.7159045, 0.30502713, -2.1366134, 0.015151984, -0.0063908617, 1.7993605]
625 [1.0153526, 0.48746562, -1.4583901, -1.1866862, 0.035219993, 0.17892346, 2.9314995, 0.81456316]
806 [1.3150557, 0.15631972, -0.27205104, 2.1568174, 0.8271393, 1.0510997, 2.696979, 0.58744675]
821 [0.5152427, -0.4329914, 1.5294623, 1.8052764, -1.7295896, 0.5442597, 1.1917917, 1.1426806]
822 [0.47253084, -0.95484513, 1.3349698, -1.0852189, 1.2554351, -0.48797265, 3.0951006, 1.315039]
991 [0.34472883, 0.22443055, -1.8249185, -1.9683127, -2.1984303, -1.58244, 2.0820463, 1.7218362]
19 [-1.4526372, 0.32362956, 0.34123164, 1.2053076, 0.4478085, 2.0969756, 1.1583364, 1.4308245]
519 [-3.9690797, 2.017212, 1.4619943, 1.4209132, 0.53220993, 1.3376753, 0.45145327, 2.888492]
672 [0.53375316, -1.2800275, -0.8732724, 2.2272675, 0.9962987, 1.0594921, 2.7984917, 1.4125774]
683 [-1.1815207, -0.77709323, -0.14558148, 1.3871477, -0.10311538, -1.8106905, 1.7191454, 1.153874]
729 [1.1865994, 0.44908324, -0.095156714, 1.7407278, -0.24837355, 0.19555563, 1.466917, 0.5890616]
840 [1.3433708, 1.2001874, 0.8459633, 0.8542053, -1.5118253, -1.1542989, 2.6690996, -0.10478299]
940 [0.21938853, -0.44306183, -1.5638947, -1.6748617, -2.2464705, -1.218529, 2.0448647, 1.628422]
957 [-2.4624436, -0.972057, -2.7344935, -1.5713012, -1.919037, -1.6897349, 2.336069, 2.1008272]
20 [1.0448316, 1.8568516, 0.663954, -0.2469207, -1.7364495, 1.7160065, 1.0124861, 1.1551725]
646 [-0.9818065, 1.0114429, -0.8597327, -2.1409585, -0.07040317, 2.2068913, 1.5724183, 1.2291231]
21 [1.3400143, 2.11015, 0.8173061, -0.04872794, -1.6400642, 1.7736084, 1.2778335, 0.99033993]
563 [0.3847192, 0.12110179, -1.5007956, -0.96774286, 0.5886581, -0.110252626, 2.6628094, 0.9665933]
595 [0.60370874, 0.057684973, -1.4982853, -0.9659635, 0.5569127, -0.11412266, 2.9577022, 0.97052485]
882 [-2.1531944, -1.0584515, -1.8651346, -1.2879896, -1.9546027, -1.1184994, 1.6999323, 1.599599]
983 [3.303345, -0.10550955, 1.9069222, 0.5477839, -1.2799205, 3.072461, 2.2683008, 4.720327]
22 [-1.0451103, -0.5520231, 1.1130483, -0.27791315, -2.205411, 0.8853187, 0.2706701, 2.2050226]
739 [0.5097018, -1.8683119, -1.7480628, 2.5135314, 1.5349098, 0.99256015, 3.9430099, 2.203835]
766 [0.25039303, -2.9069965, -2.4602804, 1.3165107, 0.49353474, 0.22017254, 3.324195, 4.4492645]
870 [1.1849698, 0.4937164, 0.10294899, 1.646837, -0.333129, 0.55252934, 1.4700694, 0.34692097]
23 [0.9303275, 1.7073705, 0.64151603, -0.09876812, -1.3141873, 1.312174, 0.96044976, 0.642948]
889 [0.20504399, -0.75349516, -3.1182175, -2.257512, -3.8400724, -3.8425038, 3.9728072, 3.2408082]
901 [-2.0704796, -0.95320344, -1.8830109, -1.4776313, -1.8670816, -1.0752407, 1.7723181, 1.6043136]
928 [-1.1383184, -1.1031355, 1.0822991, -1.070749, 1.6366987, -0.74810374, 2.0815475, 3.1514814]
24 [-1.3527002, 0.40523577, 0.17660774, 1.2065775, 0.5960733, 2.0628335, 1.2094043, 1.3251243]
669 [-1.2321141, 1.5858085, -1.0634238, -2.282972, 0.111950964, 2.158925, 1.5263427, 1.1514153]
697 [1.3352408, -2.0710192, -2.4370763, 1.0251199, -0.08377461, -0.223483, 4.0507607, 2.9479678]
716 [0.9891831, 0.50648993, -1.4619255, -0.78783554, 0.44654545, -0.268755, 2.7797463, 0.9734806]
765 [0.50878614, -0.91181105, -0.68539155, 1.2812155, 0.720898, 0.79605377, 2.0435412, 0.88328844]
856 [0.5802672, -0.32182223, 1.7201653, 2.0150156, -1.6898975, 0.48462462, 1.452179, 1.0258101]
906 [0.76035166, -0.6134868, 1.1333591, -0.06840097, 0.5000496, -1.2766302, 4.448016, 0.15556067]
948 [-0.6561645, -1.1436318, 0.9589584, -1.3956618, 1.2845391, -0.39671665, 2.020391, 2.9483924]
25 [-1.4923803, -0.9242676, 1.2423519, 0.2937252, -2.3912985, 1.0737498, 0.18000041, 2.821346]
659 [1.452436, 0.6269593, -1.7896894, -1.1345992, 0.16567804, -0.07457788, 3.6173458, 1.1484339]
788 [0.7478294, -0.5200003, -0.58163816, 1.7480736, 0.94508827, 1.0085856, 2.2512743, 0.81735325]
796 [1.8893214, 0.78549516, -0.028765643, 2.6104977, 0.57924813, 1.2120469, 3.207372, 0.5290775]
825 [0.61526906, 0.03491778, 1.6380235, 1.2211211, -2.2288225, -0.28884378, 1.2937044, 1.0333177]
26 [-1.48038, 0.20156974, 0.47175574, 1.1915773, 0.3190669, 2.181943, 1.182989, 1.548104]
27 [-1.3428222, 1.5547788, 3.12176, 0.7615121, -3.2315748, 0.51939756, 3.2798562, -1.098304]
28 [-0.24394041, 2.5335336, 1.2502253, 1.9142292, -1.145991, 0.57391435, 1.9394703, -0.4121359]
752 [0.27186978, -1.3656288, -1.3436233, 1.8484426, 0.91411114, 0.7323399, 2.6091492, 1.510651]
778 [0.5237058, 0.06255064, 1.6167387, 1.3395501, -2.1357973, -0.17267776, 1.1675605, 1.0716734]
783 [0.53483075, 0.29971495, 1.2995664, 0.7411418, -1.5848552, -0.11307264, 1.021233, 0.58366215]
874 [0.12770116, 1.2018274, 1.4422957, -0.14308219, -1.3459738, -0.29605573, 1.3509918, 0.0994225]
29 [0.45138586, 1.3394476, 0.48856467, -0.55088097, -1.616991, 1.5989519, 0.67173624, 1.206072]
812 [0.72203296, 0.25992963, 1.6058265, 1.2349691, -2.000307, 0.038407866, 1.2801166, 0.89304334]
30 [-1.3246295, -0.549244, 0.9934372, 0.67209536, -0.8967364, 1.4073837, 0.44336557, 1.7693918]
918 [-0.8616918, -1.35231, 1.2614564, -0.90435106, 2.039884, -1.0278598, 2.5976446, 3.4200068]
31 [-1.235673, 0.8346805, -0.45443004, 1.448151, 1.0266186, 1.9700443, 1.4944304, 0.90824866]
32 [0.17011891, 2.7586484, 1.2543063, 1.9144337, -1.0213057, 0.5575037, 2.3004243, -0.5118474]
33 [-0.8393238, -0.46288717, 0.9675705, -0.31927168, -2.0553255, 0.79041576, 0.284431, 1.9691097]
612 [-2.546227, 0.90474623, 0.7969845, 0.7936271, 0.24174984, 0.9032208, 0.17127676, 1.8363249]
34 [-1.2392797, -1.1991018, 2.050614, 0.95255584, -3.150135, 2.303178, 1.3132457, 2.9318545]
941 [0.5041286, 0.026886415, -2.3521116, -2.7916007, -2.524182, -1.9225094, 3.1470299, 2.1770172]
35 [-1.0603362, -0.81345516, 1.1210756, -0.30452752, -2.003898, 0.7558733, 0.3377123, 2.1864285]
36 [-1.5010285, -0.9039907, 1.2931277, 0.426603, -2.1754103, 1.3745955, 0.28148985, 2.8509593]
37 [-1.5761133, -0.8764322, 1.3679851, 0.6231466, -1.9433705, 1.4129066, 0.34935892, 2.7545128]
38 [0.5329438, 1.7070911, 0.49767134, 0.33921298, -1.0086434, 0.79161644, 0.8486079, 0.13048053]
39 [0.30372748, 1.1927928, 0.46782973, -0.5582462, -1.6993117, 1.5883672, 0.5063101, 1.4479195]
40 [-1.5877124, 1.3422982, 3.2104318, 0.7085817, -3.3971574, 0.49076936, 3.209129, -1.0014476]
41 [-2.1244302, 1.5977836, 1.3268915, 1.5212917, -1.5046388, -2.6172175, 3.5752175, -1.355983]
42 [0.013045374, 2.8298643, 1.4208728, 2.1098416, -1.315759, 0.54743207, 2.9614153, -0.95343804]
43 [0.21121849, 1.1401472, 0.49401385, -0.5217502, -1.6444794, 1.4932107, 0.49783963, 1.3236877]
44 [-1.552927, 0.24538486, 0.3533268, 1.082882, 0.15046142, 2.1967318, 1.1390704, 1.4066896]
45 [0.04757483, 2.4402058, 1.0035183, 1.5776361, -0.9189638, 0.64893615, 1.6406976, -0.22134699]
46 [-1.4829681, -0.7183269, 1.1970098, 0.5658212, -1.5937591, 1.4631561, 0.32563207, 2.3943796]
47 [-1.4091334, 0.41326156, 0.3350531, 1.2014083, 0.38186312, 2.1528227, 1.2365487, 1.3665365]
48 [-1.1760571, 0.8254098, -0.27808848, 1.3882524, 0.94405055, 1.9212953, 1.3698658, 0.91788715]
990 [1.0416939, 0.56391907, -1.2283024, -1.3734245, -1.7782542, -1.3689032, 1.7002162, 1.5868288]
49 [-1.4678634, -1.4291145, 2.3622758, 0.7709822, -3.6991196, 2.5802774, 1.498757, 3.4822173]
50 [-2.3475785, 1.0174025, -1.6600229, 1.6667426, 1.3243794, 2.5424268, 2.034844, 1.3297621]
51 [-1.3113921, 0.55932355, -0.002649242, 1.3639722, 0.8174917, 2.0773063, 1.3777779, 1.2131783]
52 [0.21973321, 2.9231644, 1.4222941, 2.004023, -1.1872464, 0.6298386, 2.720024, -0.6546346]
53 [-0.124766804, 0.20234545, 0.6845684, -0.6938242, -1.5142363, 0.8926482, 0.35773122, 1.292463]
54 [-1.4481087, 0.3091448, 0.39753923, 1.1117599, 0.3497678, 2.1639628, 1.1659366, 1.4570961]
55 [-1.6500328, -0.9484768, 1.4270113, 0.43441898, -2.4092753, 1.4870671, 0.29781643, 3.091509]
56 [-1.3724033, -0.8596343, 1.209473, 0.19226299, -2.4866629, 0.9743343, 0.2404883, 2.6799817]
57 [-1.4086981, -0.84620315, 1.3136389, 0.32488784, -2.0582988, 1.1691012, 0.22119126, 2.7423344]
58 [1.2169359, 2.2007663, 0.81525856, 0.13735043, -1.5958096, 1.4432001, 1.3065386, 0.6964473]
59 [-1.2659918, -0.5712496, -0.23234963, 1.8299176, 0.07741162, -0.15626892, 0.5764575, 1.4007809]
60 [-1.3290291, -0.79662234, 1.1950094, -0.113622494, -2.4636066, 0.97865087, 0.24946481, 2.703586]
61 [-0.014684558, 2.9876292, 1.5951806, 2.1110053, -1.3691175, 0.54944307, 3.0259593, -0.87915826]
62 [0.1406705, 1.0421345, 0.524229, -0.53655446, -1.6352612, 1.1910024, 0.46093124, 1.0468324]
63 [0.2571217, 1.3104433, 0.48720798, -0.5322383, -1.79895, 1.6571658, 0.61843514, 1.3669401]
64 [-2.245044, 1.8539771, 1.7167228, 1.6354975, -1.748415, -3.1816108, 4.0058246, -1.4556724]
65 [0.6407832, 1.415163, 0.52420175, -0.5530605, -1.6247042, 1.7213833, 0.7788981, 1.1916162]
66 [-2.605487, 1.0444025, -2.0308797, 1.5852535, 1.3948258, 2.493845, 2.1319897, 1.3503493]
67 [-1.0204872, -0.4541955, 0.8259569, 0.5914092, -1.1955024, 1.7011024, 0.7546463, 1.5805371]
68 [-2.3005133, 1.9764873, 1.5046093, 1.6679592, -1.7339083, -2.812731, 3.9419274, -1.5176802]
69 [-1.2635316, 1.3984078, 3.1513855, 0.72031325, -3.1288993, 0.47005567, 3.38992, -1.1205953]
70 [-1.1815063, -0.8605232, 1.3820717, 0.39488208, -1.7936378, 1.1996297, 0.3265626, 2.4931817]
71 [-2.0946288, 1.6049547, 1.325426, 1.7515196, -1.4542829, -2.6635964, 3.4249415, -1.1736069]
72 [-1.388495, -1.2796335, 2.1454306, 0.6185595, -3.4090614, 2.230375, 1.1990647, 3.2451947]
73 [-1.481067, -0.66658, 1.171204, 0.6078167, -1.3214443, 1.429542, 0.35985765, 2.1771483]
74 [0.19074781, 1.0281225, 0.4798383, -0.51194555, -1.6835408, 1.4995477, 0.4743223, 1.3587064]
75 [-1.2865016, 0.9570069, -0.49927527, 1.3416908, 1.0018382, 1.992531, 1.464304, 0.85596734]
76 [0.3059242, 1.1141587, 0.45548424, -0.3397888, -1.4063395, 1.2540425, 0.5058983, 0.8400571]
77 [-1.5175498, 0.50453097, 0.07024402, 1.4426458, -0.29755607, -1.0243045, 1.3808687, -0.20808382]
78 [-1.0453551, -0.6285279, 1.0279416, -0.19441855, -2.3207078, 0.9269027, 0.23836397, 2.330255]
79 [-1.40996, 0.15918435, 0.43877557, 1.0477312, 0.32415515, 1.9849578, 1.1041359, 1.4660853]
80 [0.33489513, 2.2879825, 0.8894421, 1.4145582, -0.8828532, 0.60096896, 1.4901608, -0.12747419]
81 [-1.5025294, 0.67335546, -0.09382635, 1.4858252, 0.86163455, 2.2358975, 1.4810375, 1.2823459]
82 [0.5549794, 2.0655303, 0.80615455, 0.8201665, -1.0948383, 0.828392, 1.2532007, -0.012304861]
83 [1.3104552, 2.13076, 0.830076, 0.022931129, -1.5379673, 1.649119, 1.3002015, 0.8557959]
84 [-1.6763475, -0.014835091, 0.59958655, 1.1957201, 0.17990847, 2.2582142, 1.2064881, 1.7618941]
85 [-0.08933292, 2.4084134, 1.1480718, 1.9725723, -0.9214337, 0.6202961, 2.0298426, -0.49111408]
86 [-1.4258053, 0.62116253, 0.005461537, 1.4312276, 0.8116764, 2.2304983, 1.4595602, 1.3086543]
87 [-1.0186459, -0.5726464, 1.0530927, -0.43656763, -2.3167505, 0.8737442, 0.29068124, 2.3726106]
88 [-0.0075961268, 2.9368045, 1.4121295, 1.9348255, -1.2006085, 0.60005915, 2.9426098, -0.8860235]
89 [-1.2041482, 0.9191018, -0.64548886, 1.2966653, 0.8751716, 1.8581862, 1.4232908, 0.6478483]
90 [1.3191386, 2.0699506, 0.78500015, -0.05366939, -1.5984273, 1.6580551, 1.2992557, 0.8837052]
91 [-0.945569, 1.5514996, 2.3221471, 1.0005376, -2.4587545, 0.3754449, 3.0080047, -1.2550579]
92 [1.3573288, 2.1324553, 0.8626099, 0.10711971, -1.501214, 1.6502286, 1.3312769, 0.8160405]
93 [-0.06208437, 2.5566144, 1.3602802, 1.7486433, -1.2011086, 0.6333761, 1.9935149, -0.39757326]
94 [-1.447542, 1.3691376, 3.191885, 0.6858922, -3.2405329, 0.45625716, 3.3360975, -1.0950701]
95 [-1.2425497, -0.851238, 1.1754131, 8.8552566e-05, -2.3068497, 0.9885654, 0.2916008, 2.4973772]
96 [-0.15375958, 2.5726457, 1.2387472, 2.071722, -1.0536616, 0.6999767, 2.251452, -0.5731105]
97 [-0.15048258, 2.0413299, 1.2923816, 1.6419384, -1.0892258, 0.38432294, 2.3297157, -0.90804094]
98 [-0.21818401, 2.4334033, 1.1686811, 1.7710648, -1.1067038, 0.6424834, 1.6948639, -0.28786165]
99 [0.5523031, 1.4224024, 0.48136914, -0.575987, -1.6525241, 1.7554165, 0.74090785, 1.2927902]
